0.332962036132812
0.322128295898438
0.336151123046875
0.338058471679688
0.328582763671875
0.325439453125
0.320831298828125
0.32281494140625
0.34515380859375
0.318893432617188
0.3350830078125
0.331008911132812
0.318252563476562
0.307846069335938
0.324905395507812
0.333084106445312
0.336990356445312
0.3397216796875
0.3360595703125
0.32415771484375
0.321792602539062
0.318817138671875
0.319076538085938
0.324935913085938
0.327987670898438
0.33099365234375
0.333724975585938
0.334716796875
0.333145141601562
0.328567504882812
0.331222534179688
0.328048706054688
0.327606201171875
0.325927734375
0.328704833984375
0.32696533203125
0.324462890625
0.326171875
0.330291748046875
0.328781127929688
0.33050537109375
0.324478149414062
0.32135009765625
0.325088500976562
0.324783325195312
0.324874877929688
0.322982788085938
0.325408935546875
0.32513427734375
0.324478149414062
0.327850341796875
0.327346801757812
0.326126098632812
0.328811645507812
0.334152221679688
0.3233642578125
0.316879272460938
0.319778442382812
0.331771850585938
0.322311401367188
0.322952270507812
0.32568359375
0.3177490234375
0.333908081054688
0.33612060546875
0.33831787109375
0.327926635742188
0.32598876953125
0.324050903320312
0.317001342773438
0.319854736328125
0.32269287109375
0.322494506835938
0.326828002929688
0.331924438476562
0.325424194335938
0.32244873046875
0.323715209960938
0.329269409179688
0.333160400390625
0.33319091796875
0.332687377929688
0.332748413085938
0.3291015625
0.318939208984375
0.31884765625
0.31982421875
0.322998046875
0.326095581054688
0.330795288085938
0.333419799804688
0.328826904296875
0.330001831054688
0.331207275390625
0.326446533203125
0.32659912109375
0.321990966796875
0.328720092773438
0.3284912109375
0.327224731445312
0.324066162109375
0.324081420898438
0.325088500976562
0.3294677734375
0.322662353515625
0.323867797851562
0.327590942382812
0.32684326171875
0.32763671875
0.331298828125
0.330352783203125
0.328842163085938
0.32513427734375
0.321090698242188
0.317703247070312
0.31793212890625
0.32861328125
0.327362060546875
0.327163696289062
0.331695556640625
0.32806396484375
0.329025268554688
0.331222534179688
0.3197021484375
0.321563720703125
0.3319091796875
0.335708618164062
0.33062744140625
0.330673217773438
0.327056884765625
0.32855224609375
0.327789306640625
0.332717895507812
0.334030151367188
0.332794189453125
0.331298828125
0.323776245117188
0.31817626953125
0.319091796875
0.322921752929688
0.32025146484375
0.317367553710938
0.325103759765625
0.328964233398438
0.334320068359375
0.33526611328125
0.325347900390625
0.32537841796875
0.3284912109375
0.3336181640625
0.328323364257812
0.31982421875
0.319625854492188
0.327041625976562
0.33258056640625
0.332168579101562
0.331680297851562
0.333724975585938
0.331283569335938
0.330108642578125
0.328369140625
0.330810546875
0.320816040039062
0.322509765625
0.329452514648438
0.323471069335938
0.328521728515625
0.3302001953125
0.330902099609375
0.331161499023438
0.3262939453125
0.327484130859375
0.32708740234375
0.328964233398438
0.322189331054688
0.324203491210938
0.322296142578125
0.326873779296875
0.318222045898438
0.330657958984375
0.326065063476562
0.321792602539062
0.322494506835938
0.31890869140625
0.317962646484375
0.325714111328125
0.328323364257812
0.328994750976562
0.33697509765625
0.318878173828125
0.315536499023438
0.326370239257812
0.327285766601562
0.324661254882812
0.3277587890625
0.329635620117188
0.320343017578125
0.325546264648438
0.334075927734375
0.33880615234375
0.327239990234375
0.3304443359375
0.328414916992188
0.324050903320312
0.321304321289062
0.31494140625
0.320449829101562
0.322921752929688
0.320510864257812
0.321731567382812
0.32489013671875
0.321517944335938
0.321426391601562
0.325119018554688
0.334259033203125
0.335525512695312
0.3314208984375
0.31817626953125
0.315261840820312
0.319076538085938
0.318389892578125
0.320343017578125
0.321334838867188
0.32757568359375
0.331893920898438
0.329132080078125
0.326614379882812
0.32318115234375
0.319671630859375
0.319625854492188
0.320831298828125
0.324050903320312
0.327117919921875
0.330169677734375
0.332122802734375
0.33184814453125
0.330902099609375
0.3262939453125
0.320266723632812
0.317108154296875
0.320999145507812
0.323196411132812
0.3302001953125
0.32708740234375
0.320297241210938
0.318649291992188
0.320068359375
0.322509765625
0.320541381835938
0.321990966796875
0.32464599609375
0.322463989257812
0.31927490234375
0.314529418945312
0.313766479492188
0.31744384765625
0.322006225585938
0.325897216796875
0.326858520507812
0.328018188476562
0.31524658203125
0.316452026367188
0.320053100585938
0.322906494140625
0.324874877929688
0.327743530273438
0.320831298828125
0.325439453125
0.329971313476562
0.3316650390625
0.328582763671875
0.321578979492188
0.319656372070312
0.312820434570312
0.315673828125
0.319854736328125
0.317825317382812
0.31927490234375
0.319931030273438
0.324798583984375