0.185592651367188
0.193817138671875
0.191238403320312
0.190292358398438
0.18963623046875
0.184616088867188
0.187454223632812
0.182403564453125
0.183334350585938
0.188323974609375
0.1837158203125
0.188064575195312
0.191741943359375
0.195999145507812
0.196624755859375
0.19256591796875
0.179092407226562
0.17218017578125
0.193038940429688
0.200042724609375
0.194564819335938
0.209259033203125
0.197174072265625
0.191238403320312
0.186477661132812
0.167724609375
0.1610107421875
0.179214477539062
0.19415283203125
0.189102172851562
0.189498901367188
0.186737060546875
0.18487548828125
0.189453125
0.191207885742188
0.190170288085938
0.187667846679688
0.185256958007812
0.186050415039062
0.184005737304688
0.180740356445312
0.185256958007812
0.186965942382812
0.187225341796875
0.188262939453125
0.183914184570312
0.179641723632812
0.186080932617188
0.192474365234375
0.19091796875
0.181533813476562
0.189804077148438
0.179443359375
0.185653686523438
0.182159423828125
0.180267333984375
0.189254760742188
0.190750122070312
0.189910888671875
0.1942138671875
0.195816040039062
0.193756103515625
0.192001342773438
0.193405151367188
0.189132690429688
0.187118530273438
0.187026977539062
0.185272216796875
0.187103271484375
0.18695068359375
0.18377685546875
0.187820434570312
0.18829345703125
0.18841552734375
0.187973022460938
0.187667846679688
0.190414428710938
0.192764282226562
0.190719604492188
0.190505981445312
0.192031860351562
0.194198608398438
0.195465087890625
0.192764282226562
0.1923828125
0.194778442382812
0.193817138671875
0.1929931640625
0.194686889648438
0.194442749023438
0.194046020507812
0.193328857421875
0.190231323242188
0.191116333007812
0.194229125976562
0.195297241210938
0.19281005859375
0.190841674804688
0.194320678710938
0.191741943359375
0.192047119140625
0.192214965820312
0.1944580078125
0.191696166992188
0.19403076171875
0.190155029296875
0.191024780273438
0.194381713867188
0.195449829101562
0.191604614257812
0.191925048828125
0.191726684570312
0.199752807617188
0.19842529296875
0.182769775390625
0.175949096679688
0.194778442382812
0.188888549804688
0.200103759765625
0.218093872070312
0.193557739257812
0.188766479492188
0.198348999023438
0.174118041992188
0.167312622070312
0.188461303710938
0.199432373046875
0.19329833984375
0.195877075195312
0.19464111328125
0.19744873046875
0.195022583007812
0.195541381835938
0.190719604492188
0.190521240234375
0.1927490234375
0.192916870117188
0.191390991210938
0.19000244140625
0.189697265625
0.185989379882812
0.189788818359375
0.188491821289062
0.188262939453125
0.189590454101562
0.186660766601562
0.193267822265625
0.202316284179688
0.1900634765625
0.192169189453125
0.187362670898438
0.18414306640625
0.192703247070312
0.189987182617188
0.186309814453125
0.192031860351562
0.189651489257812
0.189682006835938
0.189895629882812
0.1944580078125
0.195266723632812
0.200714111328125
0.198135375976562
0.195419311523438
0.193359375
0.192153930664062
0.188247680664062
0.18463134765625
0.185638427734375
0.189117431640625
0.189224243164062
0.189102172851562
0.1895751953125
0.192581176757812
0.188796997070312
0.19598388671875
0.194534301757812
0.192276000976562
0.19512939453125
0.196426391601562
0.196258544921875
0.192855834960938
0.192428588867188
0.188034057617188
0.185531616210938
0.188262939453125
0.190444946289062
0.193649291992188
0.192550659179688
0.193374633789062
0.19110107421875
0.187652587890625
0.191329956054688
0.188339233398438
0.193435668945312
0.195755004882812
0.194580078125
0.19256591796875
0.191925048828125
0.192855834960938
0.192947387695312
0.193435668945312
0.191925048828125
0.190032958984375
0.1905517578125
0.193511962890625
0.196533203125
0.19390869140625
0.192306518554688
0.193588256835938
0.191757202148438
0.193023681640625
0.19091796875
0.193557739257812
0.190200805664062
0.18896484375
0.188949584960938
0.197998046875
0.201400756835938
0.184600830078125
0.178115844726562
0.188232421875
0.191726684570312
0.193023681640625
0.211837768554688
0.193405151367188
0.180038452148438
0.19671630859375
0.171066284179688
0.166427612304688
0.187789916992188
0.195755004882812
0.188568115234375
0.187042236328125
0.192230224609375
0.189437866210938
0.1920166015625
0.193649291992188
0.193649291992188
0.190567016601562
0.191864013671875
0.193130493164062
0.191207885742188
0.1885986328125
0.186614990234375
0.187667846679688
0.189468383789062
0.183395385742188
0.190597534179688
0.190536499023438
0.187469482421875
0.191635131835938
0.202972412109375
0.182540893554688
0.186859130859375
0.187545776367188
0.174957275390625
0.184478759765625
0.18634033203125
0.189361572265625
0.197097778320312
0.188613891601562
0.190353393554688
0.194610595703125
0.1937255859375
0.193710327148438
0.193588256835938
0.194992065429688
0.196975708007812
0.198394775390625
0.190353393554688
0.196197509765625
0.189376831054688
0.188446044921875
0.18798828125
0.18701171875
0.190155029296875
0.188461303710938
0.191970825195312
0.191650390625