0.0181237701326609
0.0196757004596293
0.0172384106554091
0.0161169120110571
0.0218298379331827
0.0105335586704314
0.0114025757648051
0.0118815363384783
0.0166854099370539
0.0163012091070414
0.0215881154872477
0.0147504941560328
0.0239761569537222
0.0228247628547251
0.0150923524051905
0.0106726796366274
0.0200565555132926
0.0258183572441339
0.0348347797989845
0.0190179888159037
0.0227228179574013
0.0198928848840296
0.0113922730088234
0.0105137587524951
0.016437026206404
0.00926671782508492
0.0254321494139731
0.0459820404648781
0.0351054803468287
0.0265051517635584
0.0247443094849586
0.0236336980015039
0.0193655863404274
0.016760288272053
0.0156064541079104
0.0129897240549326
0.0132883922196925
0.0178261869587004
0.0221302942372859
0.0186339975334704
0.0289635010994971
0.0197027833200991
0.0224617216736078
0.0212069693952799
0.016635584179312
0.0197298848070204
0.0188851356506348
0.0207596365362406
0.0265365839004517
0.0195270776748657
0.0165609852410853
0.00724498182535172
0.0305616506375372
0.0130447768606246
0.0291774049401283
0.0246684649027884
0.020745734218508
0.0199064984917641
0.0134557858109474
0.0127597735263407
0.0195270776748657
0.0185156241059303
0.0176847353577614
0.0183322373777628
0.021347738802433
0.0216732756234705
0.0203721318393946
0.0149032566696405
0.0146451964974403
0.0140213314443827
0.013907290995121
0.0229854229837656
0.0210386607795954
0.0283752591349185
0.0314623489975929
0.0248506874777377
0.0184238166548312
0.0198248866945505
0.0172130786813796
0.01754384720698
0.0183714576996863
0.0161659554578364
0.0178261869587004
0.0224183523096144
0.0204410613514483
0.02139006042853
0.0234412238933146
0.0194462481886148
0.0186208263039589
0.0169985089451075
0.0193119049072266
0.0203583599068224
0.0208710227161646
0.0204272661358118
0.0171119370497763
0.0208292179740965
0.0175822153687477
0.0196621660143137
0.0193387363106012
0.0213759485632181
0.0188056472688913
0.0185156241059303
0.0172130786813796
0.0183322373777628
0.0192315224558115
0.0207040552049875
0.0182408862747252
0.0186208263039589
0.0149032566696405
0.0182148278690875
0.0176462554372847
0.0159336626529694
0.0162150734104216
0.0157999456860125
0.0144589319825172
0.0152230472303927
0.0214182981289923
0.016747796908021
0.0206346833147109
0.00914634205400944
0.0151754566468298
0.0169607833959162
0.0248506874777377
0.0275202188640833
0.0111056864261627
0.0248659029603004
0.0235151592642069
0.00707350904121995
0.012359619140625
0.00996692338958383
0.0115369353443384
0.0345113221555948
0.0366777204908431
0.036107013002038
0.0303763523697853
0.0206069671548903
0.0195945636369288
0.0170362764038146
0.0146335200406611
0.0116512388922274
0.0132661522366107
0.0187659659422934
0.0153782311826944
0.0178777636028826
0.0195810571312904
0.0139756593853235
0.0216732756234705
0.0192582979798317
0.0150213018059731
0.0199201167561114
0.0208710227161646
0.0220012757927179
0.0250335806049407
0.0270737800747156
0.0204686657525599
0.00522472895681858
0.0275202188640833
0.0151398126035929
0.019473172724247
0.0266940239816904
0.0181497633457184
0.0266940239816904
0.0192582979798317
0.0146568776108325
0.0188718759454787
0.0159093085676432
0.0133106508292258
0.0174544844776392
0.0186339975334704
0.0163628743030131
0.0181497633457184
0.0163875729776919
0.0207179435528815
0.0205515907146037
0.0210806750692427
0.0235595763660967
0.0272965431213379
0.0240060524083674
0.0223317393101752
0.0221159402281046
0.0218013301491737
0.0210106745362282
0.0218869093805552
0.0214182981289923
0.022810185328126
0.0249877944588661
0.0227810442447662
0.0195810571312904
0.0204548612236977
0.0192449078895152
0.0212350860238075
0.0201386422850192
0.0239761569537222
0.0219869636930525
0.0226065889000893
0.0196351110935211
0.0230439845472574
0.0241258204914629
0.0225196126848459
0.0197705719619989
0.0207596365362406
0.0239164219237864
0.0216732756234705
0.0207874551415443
0.0223029055632651
0.0230586365796626
0.0203721318393946
0.0210106745362282
0.0190579355694354
0.0203721318393946
0.019473172724247
0.0180459022521973
0.0243361317552626
0.0238716695457697
0.0212772958911955
0.0178004265762866
0.0154861272312701
0.0174162560142577
0.023648536298424
0.0195675552822649
0.020262086763978
0.0217870832420886
0.0201386422850192
0.0194597081281245
0.015958035364747
0.0158849731087685
0.0269310572184622
0.0358507409691811
0.0432709255255759
0.0206208229064941
0.0225630798377097
0.0240958505310118
0.00815056497231126
0.011599212884903
0.0192047655582428
0.0165982637554407
0.0422333390451968
0.0478211417794228
0.034852793905884
0.0244718138128519
0.0206624181009829
0.0218440988101065
0.0180588685907423
0.0167727842926979
0.020565427839756
0.020015574991703
0.0233084335923195
0.02197265625
0.0217159185558558
0.0223029055632651
0.022476187441498
0.0245776050724089
0.0225051329471171
0.0207179435528815
0.0251711905002594
0.0226501398719847
0.0326719973236322
0.0352865294553339
0.0326371192932129
0.0408174679614604
0.014691948890686
0.0145868607796729
0.0271214381791651
0.0227664806880057
0.035087401047349
0.0346548948436975
0.0266782590188086
0.0215031229890883
0.0193521589972079
0.0212632212787867
0.0162765756249428
0.0168228149414062
0.0142392911948264
0.0179423391819
0.0158728123642504
0.0212350860238075
0.0213054590858519
0.0224472605623305
0.0283102714456618
0.043956155423075