0.256683349609375
0.260513305664062
0.259674072265625
0.260345458984375
0.263381958007812
0.261993408203125
0.262649536132812
0.261978149414062
0.262405395507812
0.26513671875
0.260696411132812
0.258453369140625
0.260604858398438
0.261062622070312
0.261398315429688
0.259292602539062
0.261856079101562
0.263412475585938
0.259765625
0.259963989257812
0.2593994140625
0.259429931640625
0.259613037109375
0.25970458984375
0.26080322265625
0.261764526367188
0.262710571289062
0.261016845703125
0.26214599609375
0.26416015625
0.258895874023438
0.2596435546875
0.259323120117188
0.263473510742188
0.260147094726562
0.25927734375
0.26123046875
0.260513305664062
0.26104736328125
0.261550903320312
0.260009765625
0.25811767578125
0.260040283203125
0.260833740234375
0.268096923828125
0.267364501953125
0.258544921875
0.249252319335938
0.252105712890625
0.25140380859375
0.2607421875
0.292388916015625
0.267257690429688
0.277908325195312
0.255126953125
0.223617553710938
0.240036010742188
0.258529663085938
0.259780883789062
0.264572143554688
0.267425537109375
0.266738891601562
0.263687133789062
0.264022827148438
0.260604858398438
0.26165771484375
0.259506225585938
0.259552001953125
0.257522583007812
0.25592041015625
0.259979248046875
0.261734008789062
0.2646484375
0.26495361328125
0.261322021484375
0.257568359375
0.258193969726562
0.257781982421875
0.261276245117188
0.274429321289062
0.256179809570312
0.266555786132812
0.260330200195312
0.25177001953125
0.257965087890625
0.255035400390625
0.261062622070312
0.266647338867188
0.258621215820312
0.26422119140625
0.269485473632812
0.264495849609375
0.265167236328125
0.268203735351562
0.264511108398438
0.262451171875
0.261520385742188
0.258377075195312
0.2576904296875
0.260345458984375
0.256454467773438
0.258743286132812
0.263153076171875
0.263214111328125
0.261962890625
0.263046264648438
0.262786865234375
0.263763427734375
0.262466430664062
0.2606201171875
0.25921630859375
0.260574340820312
0.263412475585938
0.259796142578125
0.260818481445312
0.261306762695312
0.262466430664062
0.259750366210938
0.260574340820312
0.258377075195312
0.2593994140625
0.26068115234375
0.25872802734375
0.259140014648438
0.263137817382812
0.262924194335938
0.261138916015625
0.262893676757812
0.260543823242188
0.263137817382812
0.258331298828125
0.260208129882812
0.262786865234375
0.263076782226562
0.264617919921875
0.263214111328125
0.264266967773438
0.264923095703125
0.262496948242188
0.259292602539062
0.26251220703125
0.25946044921875
0.260360717773438
0.266891479492188
0.267227172851562
0.262161254882812
0.270782470703125
0.270095825195312
0.252822875976562
0.250595092773438
0.247909545898438
0.252914428710938
0.266571044921875
0.297073364257812
0.274978637695312
0.27294921875
0.2596435546875
0.224807739257812
0.235885620117188
0.258758544921875
0.26446533203125
0.268417358398438
0.264968872070312
0.26177978515625
0.259490966796875
0.2615966796875
0.264007568359375
0.265274047851562
0.263702392578125
0.25787353515625
0.260910034179688
0.259170532226562
0.260330200195312
0.26275634765625
0.26361083984375
0.26416015625
0.267318725585938
0.26434326171875
0.261398315429688
0.260757446289062
0.263885498046875
0.265869140625
0.264495849609375
0.26806640625
0.26141357421875
0.252685546875
0.260894775390625
0.263107299804688
0.259689331054688
0.26373291015625
0.264022827148438
0.264419555664062
0.26513671875
0.264129638671875
0.265060424804688
0.2685546875
0.265655517578125
0.266769409179688
0.265777587890625
0.260574340820312
0.262100219726562
0.261749267578125
0.263778686523438
0.257537841796875
0.252883911132812
0.2591552734375
0.261581420898438
0.26806640625
0.26953125
0.266281127929688
0.2662353515625
0.26446533203125
0.259597778320312
0.2598876953125
0.262771606445312
0.264358520507812
0.263168334960938
0.259201049804688
0.25787353515625
0.258102416992188
0.259048461914062
0.260269165039062
0.264114379882812
0.264785766601562
0.261459350585938
0.265609741210938
0.263961791992188
0.262451171875
0.264633178710938
0.262847900390625
0.2615966796875
0.26275634765625
0.261749267578125
0.262557983398438
0.2625732421875
0.26617431640625
0.265045166015625
0.264266967773438
0.266098022460938
0.262435913085938
0.260879516601562
0.265945434570312
0.266021728515625
0.2606201171875
0.260528564453125
0.262649536132812
0.263519287109375
0.26007080078125
0.261428833007812
0.266815185546875
0.271728515625
0.264068603515625
0.259124755859375
0.253952026367188
0.25238037109375
0.251907348632812
0.275482177734375
0.291793823242188
0.264892578125
0.273544311523438
0.247589111328125
0.224960327148438
0.24493408203125
0.264480590820312
0.270477294921875
0.2711181640625
0.2659912109375
0.260040283203125
0.257858276367188
0.261306762695312
0.265853881835938
0.266311645507812
0.264068603515625
0.2620849609375
0.258224487304688
0.261871337890625
0.265243530273438
0.264053344726562
0.267364501953125
0.269271850585938
0.267608642578125
0.262557983398438
0.262130737304688
0.261032104492188
0.265380859375
0.279037475585938
0.260055541992188
0.26983642578125
0.262222290039062
0.256561279296875
0.258316040039062
0.261398315429688
0.267654418945312
0.270111083984375
0.266006469726562
0.263198852539062
0.2681884765625
0.26544189453125
0.263015747070312
0.26702880859375
0.267181396484375
0.266616821289062
0.264328002929688
0.265304565429688
0.263580322265625
0.262283325195312
0.258071899414062
0.259323120117188
0.2623291015625
0.2640380859375
0.262741088867188
0.270797729492188
0.2681884765625
0.267288208007812
0.268295288085938
0.2664794921875
0.262176513671875
0.258865356445312
0.26092529296875
0.258346557617188
0.259109497070312
0.26287841796875
0.262725830078125
0.261764526367188
0.262481689453125
0.260345458984375
0.263687133789062
0.267257690429688
0.267120361328125
0.26373291015625
0.264511108398438
0.260086059570312
0.258331298828125
0.261184692382812
0.26409912109375
0.264739990234375
0.26513671875
0.263397216796875
0.264144897460938
0.2650146484375
0.265380859375
0.261978149414062
0.26287841796875
0.263519287109375
0.263473510742188
0.262481689453125
0.266265869140625
0.267425537109375
0.265548706054688
0.264633178710938
0.26800537109375
0.267990112304688
0.257293701171875
0.252899169921875
0.24853515625
0.257583618164062
0.260223388671875
0.2923583984375
0.282241821289062
0.272430419921875
0.270797729492188
0.229248046875
0.233840942382812
0.26092529296875
0.265777587890625
0.26953125
0.270797729492188
0.266128540039062
0.26080322265625
0.26318359375
0.26806640625
0.26409912109375
0.260635375976562
0.26287841796875
0.266372680664062
0.265823364257812
0.267715454101562
0.269088745117188
0.2679443359375
0.266036987304688
0.2640380859375
0.264999389648438
0.262237548828125
0.258865356445312
0.263916015625
0.274993896484375
0.275360107421875
0.267257690429688
0.268310546875
0.253814697265625
0.2598876953125
0.260955810546875
0.26275634765625
0.268829345703125
0.269134521484375
0.267501831054688
0.267791748046875
0.265640258789062
0.265243530273438
0.268722534179688
0.26910400390625
0.267974853515625
0.261886596679688
0.264541625976562
0.264892578125
0.263946533203125
0.2642822265625
0.262832641601562
0.261322021484375
0.263137817382812
0.263992309570312
0.265029907226562
0.26776123046875
0.270263671875
0.267181396484375
0.2669677734375
0.267440795898438
0.265701293945312
0.261093139648438
0.259735107421875
0.261734008789062
0.25982666015625
0.26287841796875
0.264602661132812
0.266769409179688
0.266021728515625
0.262847900390625
0.268112182617188
0.266250610351562
0.26104736328125
0.263198852539062
0.26470947265625
0.26678466796875
0.268814086914062
0.26873779296875
0.269119262695312
0.269989013671875
0.26641845703125
0.266220092773438
0.262619018554688
0.270965576171875
0.269287109375
0.2686767578125
0.264739990234375
0.265304565429688
0.261703491210938
0.26263427734375
0.270858764648438
0.26751708984375
0.260360717773438
0.25885009765625
0.25579833984375
0.259185791015625
0.262237548828125
0.289703369140625
0.270370483398438
0.27398681640625
0.262557983398438
0.2298583984375
0.244232177734375
0.264907836914062
0.269027709960938
0.270843505859375
0.271133422851562
0.264083862304688
0.264236450195312
0.269210815429688
0.271408081054688
0.27032470703125
0.265487670898438
0.264007568359375
0.262161254882812
0.26373291015625
0.261215209960938
0.26812744140625
0.269638061523438
0.267471313476562
0.271377563476562
0.265701293945312
0.264663696289062
0.263763427734375
0.263717651367188
0.278762817382812
0.264419555664062
0.272964477539062
0.26641845703125
0.260726928710938
0.263259887695312
0.259674072265625
0.263046264648438
0.267959594726562
0.267807006835938
0.2679443359375
0.2764892578125
0.271270751953125
0.269882202148438
0.267715454101562
0.269454956054688
0.269149780273438
0.267501831054688
0.269561767578125
0.268951416015625
0.26348876953125
0.260726928710938
0.258895874023438
0.260787963867188
0.262359619140625
0.266677856445312
0.265670776367188
0.267135620117188
0.26971435546875
0.264358520507812
0.261672973632812
0.263275146484375
0.2677001953125
0.268890380859375
0.26446533203125
0.265472412109375
0.265396118164062
0.263778686523438
0.261703491210938
0.261993408203125
0.265090942382812
0.265090942382812
0.269287109375
0.269363403320312
0.266159057617188
0.267074584960938
0.267578125
0.264694213867188
0.267898559570312
0.26495361328125
0.26812744140625
0.26416015625
0.263656616210938
0.265853881835938
0.267425537109375
0.267059326171875
0.266204833984375
0.26361083984375
0.267929077148438
0.270233154296875
0.277938842773438
0.265579223632812
0.259658813476562
0.248123168945312
0.261260986328125
0.264907836914062
0.291458129882812
0.29498291015625
0.273147583007812
0.280471801757812
0.23687744140625
0.224395751953125
0.2474365234375
0.260650634765625
0.265029907226562
0.27142333984375
0.269546508789062
0.26409912109375
0.26220703125
0.261993408203125
0.264923095703125
0.263046264648438
0.260086059570312
0.2655029296875
0.266525268554688
0.26611328125
0.268875122070312
0.267440795898438
0.26458740234375
0.262832641601562
0.259658813476562
0.262237548828125
0.265701293945312
0.268463134765625
0.27813720703125
0.28521728515625
0.265548706054688
0.27593994140625
0.261505126953125
0.262435913085938
0.266860961914062
0.268585205078125
0.271453857421875
0.277847290039062
0.277313232421875
0.277618408203125
0.27862548828125
0.276992797851562
0.27520751953125
0.27545166015625
0.271499633789062
0.270462036132812
0.273101806640625
0.275894165039062
0.275115966796875
0.274688720703125
0.27044677734375
0.269027709960938
0.268875122070312
0.269989013671875
0.272674560546875
0.276687622070312
0.2806396484375
0.277420043945312
0.280105590820312
0.278289794921875
0.272415161132812
0.268264770507812
0.266616821289062
0.265640258789062
0.269577026367188
0.272872924804688
0.274215698242188
0.273391723632812
0.275115966796875
0.267868041992188
0.265762329101562
0.27191162109375
0.27069091796875
0.274322509765625
0.276992797851562
0.275482177734375
0.2713623046875
0.27349853515625
0.268768310546875
0.263290405273438
0.263290405273438
0.266036987304688
0.269729614257812
0.265869140625
0.27508544921875
0.284561157226562
0.276382446289062
0.26593017578125
0.261810302734375
0.256210327148438
0.258087158203125
0.26898193359375
0.301361083984375
0.27874755859375
0.2838134765625
0.275894165039062
0.23602294921875
0.242401123046875
0.261734008789062
0.273178100585938
0.273895263671875
0.272430419921875
0.267196655273438
0.265060424804688
0.267410278320312
0.27191162109375
0.272842407226562
0.267013549804688
0.265533447265625
0.263580322265625
0.264419555664062
0.267471313476562
0.27020263671875
0.268295288085938
0.268783569335938
0.269332885742188
0.265823364257812
0.266769409179688
0.269058227539062
0.265228271484375
0.274398803710938
0.267852783203125
0.265579223632812
0.271942138671875
0.259658813476562
0.26544189453125
0.270172119140625
0.268310546875
0.270339965820312
0.265579223632812
0.2620849609375
0.266571044921875
0.26971435546875
0.270233154296875
0.270889282226562
0.269485473632812
0.268386840820312
0.267135620117188
0.262924194335938
0.266342163085938
0.26495361328125
0.259735107421875
0.2626953125
0.264205932617188
0.265625
0.26727294921875
0.268341064453125
0.269485473632812
0.271133422851562
0.267547607421875
0.266021728515625
0.264968872070312
0.265289306640625
0.260238647460938
0.259933471679688
0.264999389648438
0.268173217773438
0.263336181640625
0.263259887695312
0.263107299804688
0.261978149414062
0.265609741210938
0.263473510742188
0.261917114257812
0.263412475585938
0.268310546875
0.2662353515625
0.263931274414062
0.267669677734375
0.263885498046875
0.265609741210938
0.264785766601562
0.256607055664062
0.255828857421875
0.26141357421875
0.271957397460938
0.272232055664062
0.264694213867188
0.264190673828125
0.257858276367188
0.256912231445312
0.26422119140625
0.296157836914062
0.273269653320312
0.272842407226562
0.269271850585938
0.227035522460938
0.232757568359375
0.25408935546875
0.2601318359375
0.269454956054688
0.26922607421875
0.264907836914062
0.262435913085938
0.261322021484375
0.266098022460938
0.26397705078125
0.263336181640625
0.26104736328125
0.260650634765625
0.260726928710938
0.2635498046875
0.264739990234375
0.26458740234375
0.265167236328125
0.262237548828125
0.261734008789062
0.261016845703125
0.259506225585938
0.262908935546875
0.272354125976562
0.269668579101562
0.262725830078125
0.268661499023438
0.2542724609375
0.262130737304688
0.260391235351562
0.255050659179688
0.269027709960938
0.265640258789062
0.263473510742188
0.2666015625
0.266510009765625
0.267486572265625
0.268539428710938
0.270858764648438
0.266006469726562
0.263900756835938
0.263229370117188
0.260025024414062
0.255569458007812
0.258697509765625
0.259750366210938
0.258392333984375
0.2642822265625
0.268585205078125
0.266921997070312
0.265350341796875
0.265655517578125
0.266677856445312
0.261886596679688
0.262222290039062
0.261917114257812
0.261489868164062
0.261627197265625
0.261123657226562
0.26397705078125
0.257034301757812
0.260467529296875
0.267730712890625
0.2562255859375
0.272216796875
0.262557983398438
0.261184692382812
0.2633056640625
0.263259887695312
0.2655029296875
0.265121459960938
0.26055908203125
0.2611083984375
0.262161254882812
0.262786865234375
0.262481689453125
0.263778686523438
0.263442993164062
0.26507568359375
0.271453857421875
0.2630615234375
0.259201049804688
0.253005981445312
0.262359619140625
0.254974365234375
0.272567749023438
0.289718627929688
0.263336181640625
0.277481079101562
0.250167846679688
0.227645874023438
0.246002197265625
0.261672973632812
0.2696533203125
0.267425537109375
0.266769409179688
0.261642456054688
0.260787963867188
0.266632080078125
0.265853881835938
0.265106201171875
0.262313842773438
0.260665893554688
0.260055541992188
0.260101318359375
0.262481689453125
0.266464233398438
0.264907836914062
0.2646484375
0.2645263671875
0.260208129882812
0.263336181640625
0.265487670898438
0.261093139648438
0.268600463867188
0.26544189453125
0.270172119140625
0.261978149414062
0.252532958984375
0.260055541992188
0.260223388671875
0.259979248046875
0.263214111328125
0.263748168945312
0.26934814453125
0.266891479492188
0.266754150390625
0.270980834960938
0.268157958984375
0.26580810546875
0.262130737304688
0.259048461914062
0.259231567382812
0.260971069335938
0.262527465820312
0.263824462890625
0.26275634765625
0.262283325195312
0.261001586914062
0.256515502929688
0.260223388671875
0.264312744140625
0.264892578125
0.264068603515625
0.264572143554688
0.2662353515625
0.264495849609375
0.260360717773438
0.25872802734375
0.257705688476562
0.259017944335938
0.254974365234375
0.258956909179688
0.262863159179688
0.266159057617188
0.267120361328125
0.268844604492188
0.266098022460938
0.26336669921875
0.263046264648438
0.26190185546875
0.258377075195312
0.259429931640625
0.25787353515625
0.26055908203125
0.261795043945312
0.265365600585938
0.263885498046875
0.263778686523438
0.26141357421875
0.263397216796875
0.262420654296875
0.264434814453125
0.260421752929688
0.26129150390625
0.260528564453125
0.262908935546875
0.267120361328125
0.262832641601562
0.263702392578125
0.263412475585938
0.266143798828125
0.267471313476562
0.261123657226562
0.25830078125
0.245559692382812
0.255157470703125
0.25689697265625
0.286361694335938
0.282791137695312
0.266098022460938
0.278823852539062
0.234405517578125
0.230300903320312
0.253662109375
0.2657470703125
0.268280029296875
0.269943237304688
0.265594482421875
0.261550903320312
0.260528564453125
0.26123046875
0.264724731445312
0.2633056640625
0.26092529296875
0.258651733398438
0.259857177734375
0.26470947265625
0.263473510742188
0.263946533203125
0.264266967773438
0.259231567382812
0.2623291015625
0.262939453125
0.2598876953125
0.261749267578125
0.264266967773438
0.270538330078125
0.265945434570312
0.260818481445312
0.262237548828125
0.249801635742188
0.257293701171875
0.26007080078125
0.261062622070312
0.269561767578125
0.269149780273438
0.2657470703125
0.267852783203125
0.266387939453125
0.263641357421875
0.267501831054688
0.267288208007812
0.268295288085938
0.266830444335938
0.2626953125
0.26104736328125
0.261077880859375
0.261398315429688
0.259536743164062
0.25640869140625
0.257553100585938
0.2613525390625
0.267242431640625
0.269180297851562
0.266143798828125
0.263015747070312
0.259719848632812
0.258712768554688
0.260452270507812
0.257247924804688
0.256378173828125
0.260284423828125
0.261947631835938
0.26226806640625
0.2640380859375
0.263992309570312
0.264114379882812
0.263870239257812
0.259674072265625
0.2608642578125
0.26300048828125
0.264404296875
0.263946533203125
0.261184692382812
0.260040283203125
0.259841918945312
0.259872436523438
0.261550903320312
0.2626953125
0.263031005859375
0.263092041015625
0.26458740234375
0.262420654296875
0.266082763671875
0.26483154296875
0.26593017578125
0.262847900390625
0.262283325195312
0.2611083984375
0.26446533203125
0.260543823242188
0.265899658203125
0.265090942382812
0.263336181640625
0.262680053710938
0.26324462890625
0.2581787109375
0.257431030273438
0.262664794921875
0.270217895507812
0.269363403320312
0.264739990234375
0.258926391601562
0.251556396484375
0.257476806640625
0.258163452148438
0.284652709960938
0.265167236328125
0.275802612304688
0.261184692382812
0.227523803710938
0.246139526367188
0.262664794921875
0.269317626953125
0.27215576171875
0.268142700195312
0.262313842773438
0.261962890625
0.25927734375
0.261550903320312
0.263259887695312
0.26324462890625
0.261505126953125
0.26287841796875
0.26300048828125
0.2640380859375
0.269317626953125
0.26629638671875
0.26202392578125
0.261672973632812
0.259063720703125
0.25762939453125
0.260910034179688
0.260955810546875
0.267654418945312
0.279586791992188
0.263748168945312
0.2724609375
0.263519287109375
0.24871826171875
0.253692626953125
0.257858276367188
0.258926391601562
0.26824951171875
0.268905639648438
0.273101806640625
0.269805908203125
0.270187377929688
0.269027709960938
0.264144897460938
0.261505126953125
0.2568359375
0.263046264648438
0.263961791992188
0.26458740234375
0.266021728515625
0.265731811523438
0.2618408203125
0.261749267578125
0.257232666015625
0.259963989257812
0.26422119140625
0.2672119140625
0.270767211914062
0.267166137695312
0.26361083984375
0.262374877929688
0.260299682617188
0.259475708007812
0.258377075195312
0.25933837890625
0.26214599609375
0.2625732421875
0.2628173828125
0.264434814453125
0.266952514648438
0.263168334960938
0.2607421875
0.259429931640625
0.259292602539062
0.261001586914062
0.26025390625
0.265182495117188
0.26568603515625
0.2666015625
0.2652587890625
0.263397216796875
0.26385498046875
0.256088256835938
0.26031494140625
0.261016845703125
0.2646484375
0.2679443359375
0.268692016601562
0.270248413085938
0.265213012695312
0.263961791992188
0.26141357421875
0.257949829101562
0.255706787109375
0.262649536132812
0.262069702148438
0.263626098632812
0.266769409179688
0.27239990234375
0.268768310546875
0.258392333984375
0.25140380859375
0.251541137695312
0.253936767578125
0.271209716796875
0.2911376953125
0.26690673828125
0.274703979492188
0.256362915039062
0.22222900390625
0.240890502929688
0.266571044921875
0.270187377929688
0.270095825195312
0.2666015625
0.26171875
0.260726928710938
0.263931274414062
0.259323120117188
0.25946044921875
0.261245727539062
0.256927490234375
0.259124755859375
0.264434814453125
0.267593383789062
0.267791748046875
0.270248413085938
0.266921997070312
0.262786865234375
0.25799560546875
0.263916015625
0.258392333984375
0.26043701171875
0.267410278320312
0.274032592773438
0.259429931640625
0.271484375
0.259002685546875
0.252029418945312
0.261199951171875
0.258224487304688
0.260650634765625
0.27142333984375
0.26910400390625
0.271560668945312
0.272598266601562
0.26708984375
0.266937255859375
0.267654418945312
0.261367797851562
0.26318359375
0.269973754882812
0.2669677734375
0.264434814453125
0.261032104492188
0.260284423828125
0.261322021484375
0.259353637695312
0.263412475585938
0.26910400390625
0.267852783203125
0.269439697265625
0.26824951171875
0.266586303710938
0.26416015625
0.263900756835938
0.263168334960938
0.261566162109375
0.264175415039062
0.263946533203125
0.269134521484375
0.270965576171875
0.270919799804688
0.263107299804688
0.266555786132812
0.26812744140625
0.266799926757812
0.267929077148438
0.27130126953125
0.271453857421875
0.27001953125
0.26947021484375
0.270965576171875
0.268402099609375
0.265579223632812
0.271255493164062
0.272842407226562
0.27215576171875
0.274261474609375
0.27569580078125
0.276519775390625
0.273605346679688
0.277786254882812
0.275680541992188
0.26934814453125
0.272842407226562
0.274124145507812
0.273056030273438
0.274642944335938
0.274887084960938
0.281890869140625
0.284896850585938
0.27325439453125
0.27001953125
0.2611083984375
0.271453857421875
0.276138305664062
0.293792724609375
0.301284790039062
0.277679443359375
0.292953491210938
0.25653076171875
0.236190795898438
0.259017944335938
0.2811279296875
0.286651611328125
0.289215087890625
0.287704467773438
0.280563354492188
0.27838134765625
0.280197143554688
0.277618408203125
0.274307250976562
0.271560668945312
0.279449462890625
0.281082153320312
0.283828735351562
0.288818359375
0.286651611328125
0.282638549804688
0.28448486328125
0.276382446289062
0.2733154296875
0.27581787109375
0.28033447265625
0.2843017578125
0.294708251953125
0.299362182617188
0.285186767578125
0.2911376953125
0.271209716796875
0.269241333007812
0.277420043945312
0.276687622070312
0.287322998046875
0.29107666015625
0.294662475585938
0.29620361328125
0.296218872070312
0.290618896484375
0.289657592773438
0.285415649414062
0.28173828125
0.284713745117188
0.28680419921875
0.287933349609375
0.2879638671875
0.286041259765625
0.2889404296875
0.286224365234375
0.28485107421875
0.286453247070312
0.288711547851562
0.290252685546875
0.295639038085938
0.2889404296875
0.28857421875
0.288436889648438
0.287139892578125
0.2867431640625
0.285293579101562
0.287063598632812
0.288543701171875
0.29010009765625
0.29229736328125
0.292953491210938
0.290435791015625
0.28973388671875
0.290573120117188
0.286239624023438
0.287979125976562
0.286376953125
0.288925170898438
0.291183471679688
0.292999267578125
0.294570922851562
0.296951293945312
0.297088623046875
0.292984008789062
0.293045043945312
0.295089721679688
0.291793823242188
0.293960571289062
0.293853759765625
0.294464111328125
0.290740966796875
0.292343139648438
0.295303344726562
0.293594360351562
0.300308227539062
0.296844482421875
0.285903930664062
0.28485107421875
0.282516479492188
0.285629272460938
0.295974731445312
0.31866455078125
0.2978515625
0.29974365234375
0.28668212890625
0.252822875976562
0.26812744140625
0.293365478515625
0.299270629882812
0.2999267578125
0.293792724609375
0.294342041015625
0.290695190429688
0.286849975585938
0.293609619140625
0.292144775390625
0.288589477539062
0.289794921875
0.291976928710938
0.29168701171875
0.291778564453125
0.295928955078125
0.29730224609375
0.293304443359375
0.289749145507812
0.291213989257812
0.29150390625
0.289520263671875
0.286468505859375
0.29730224609375
0.309280395507812
0.288192749023438
0.300613403320312
0.281631469726562
0.28546142578125
0.29412841796875
0.293975830078125
0.292984008789062
0.298126220703125
0.291244506835938
0.29376220703125
0.294479370117188
0.297042846679688
0.300079345703125
0.301162719726562
0.292465209960938
0.299057006835938
0.2921142578125
0.288833618164062
0.295150756835938
0.289871215820312
0.28436279296875
0.291183471679688
0.288955688476562
0.292984008789062
0.295700073242188
0.296585083007812
0.2947998046875
0.297088623046875
0.293548583984375
0.287445068359375
0.28594970703125
0.290603637695312
0.2896728515625
0.289703369140625
0.291244506835938
0.2884521484375
0.291595458984375
0.292144775390625
0.29010009765625
0.290084838867188
0.28887939453125
0.289230346679688
0.291824340820312
0.29278564453125
0.292800903320312
0.291168212890625
0.289337158203125
0.289398193359375
0.289474487304688
0.2926025390625
0.292129516601562
0.290252685546875
0.292724609375
0.291549682617188
0.291549682617188
0.293792724609375
0.29388427734375
0.2880859375
0.28778076171875
0.2833251953125
0.307098388671875
0.286666870117188
0.276153564453125
0.289718627929688
0.277908325195312
0.28961181640625
0.293228149414062
0.319259643554688
0.302169799804688
0.298431396484375
0.290969848632812
0.251739501953125
0.262115478515625
0.284378051757812
0.293304443359375
0.300613403320312
0.287322998046875
0.293197631835938
0.290176391601562
0.2884521484375
0.290985107421875
0.28826904296875
0.284896850585938
0.289764404296875
0.287826538085938
0.286712646484375
0.287796020507812
0.290420532226562
0.30023193359375
0.289947509765625
0.280059814453125
0.290023803710938
0.288040161132812
0.284927368164062
0.27581787109375
0.289642333984375
0.305892944335938
0.280838012695312
0.2913818359375
0.280181884765625
0.276824951171875
0.288070678710938
0.284103393554688
0.279983520507812
0.29254150390625
0.28765869140625
0.291519165039062
0.295501708984375
0.294570922851562
0.294570922851562
0.294326782226562
0.291091918945312
0.285140991210938
0.283050537109375
0.28680419921875
0.290802001953125
0.286239624023438
0.286666870117188
0.2972412109375
0.28485107421875
0.287002563476562
0.293350219726562
0.28131103515625
0.278854370117188
0.294891357421875
0.288101196289062
0.299072265625
0.294525146484375
0.295059204101562
0.29620361328125
0.295089721679688
0.292694091796875
