0.334213256835938
0.320602416992188
0.31671142578125
0.319290161132812
0.327255249023438
0.327194213867188
0.329635620117188
0.324371337890625
0.332855224609375
0.330368041992188
0.327835083007812
0.330032348632812
0.323486328125
0.325042724609375
0.32415771484375
0.325790405273438
0.321044921875
0.324615478515625
0.323928833007812
0.320144653320312
0.325531005859375
0.326568603515625
0.327423095703125
0.32318115234375
0.312301635742188
0.337371826171875
0.341140747070312
0.324325561523438
0.3037109375
0.325241088867188
0.3306884765625
0.321441650390625
0.324844360351562
0.326278686523438
0.322357177734375
0.32257080078125
0.33001708984375
0.324844360351562
0.32794189453125
0.32745361328125
0.328353881835938
0.328521728515625
0.321182250976562
0.31927490234375
0.321792602539062
0.319107055664062
0.318923950195312
0.328323364257812
0.325592041015625
0.326934814453125
0.326431274414062
0.324295043945312
0.319580078125
0.320144653320312
0.320068359375
0.31884765625
0.319839477539062
0.317703247070312
0.317703247070312
0.3203125
0.31695556640625
0.32330322265625
0.323516845703125
0.321502685546875
0.3189697265625
0.3197021484375
0.321273803710938
0.322830200195312
0.315277099609375
0.31878662109375
0.319305419921875
0.312728881835938
0.322769165039062
0.317626953125
0.313980102539062
0.31585693359375
0.319549560546875
0.316665649414062
0.3192138671875
0.318740844726562
0.312744140625
0.314651489257812
0.313766479492188
0.313522338867188
0.315216064453125
0.318634033203125
0.31890869140625
0.3135986328125
0.31744384765625
0.315017700195312
0.318603515625
0.322036743164062
0.323745727539062
0.328903198242188
0.333053588867188
0.32843017578125
0.320907592773438
0.32623291015625
0.328811645507812
0.31463623046875
0.313690185546875
0.348785400390625
0.319473266601562
0.300369262695312
0.33465576171875
0.326263427734375
0.314498901367188
0.312728881835938
0.314590454101562
0.318939208984375
0.323394775390625
0.320526123046875
0.32421875
0.322021484375
0.3231201171875
0.325363159179688
0.324325561523438
0.330612182617188
0.323455810546875
0.320556640625
0.312545776367188
0.31689453125
0.316650390625
0.319488525390625
0.317794799804688
0.3214111328125
0.323623657226562
0.32373046875
0.320648193359375
0.304840087890625
0.330581665039062
0.333770751953125
0.32568359375
0.308258056640625
0.317703247070312
0.323135375976562
0.323104858398438
0.321640014648438
0.326507568359375
0.324630737304688
0.324203491210938
0.322601318359375
0.321121215820312
0.319168090820312
0.32147216796875
0.320724487304688
0.322769165039062
0.322998046875
0.3187255859375
0.325454711914062
0.324676513671875
0.324600219726562
0.320404052734375
0.3177490234375
0.31585693359375
0.319244384765625
0.317428588867188
0.324005126953125
0.326461791992188
0.32666015625
0.32562255859375
0.320816040039062
0.32159423828125
0.320541381835938
0.322036743164062
0.319656372070312
0.317672729492188
0.3162841796875
0.321914672851562
0.321548461914062
0.320846557617188
0.321334838867188
0.324447631835938
0.318389892578125
0.320480346679688
0.31927490234375
0.31884765625
0.32012939453125
0.318923950195312
0.3216552734375
0.326217651367188
0.322280883789062
0.32537841796875
0.321548461914062
0.317428588867188
0.318069458007812
0.319259643554688
0.319122314453125
0.31744384765625
0.32122802734375
0.321517944335938
0.325164794921875
0.320632934570312
0.32086181640625
0.321624755859375
0.32086181640625
0.31842041015625
0.317108154296875
0.315567016601562
0.319686889648438
0.327224731445312
0.327224731445312
0.322021484375
0.323089599609375
0.3287353515625
0.318084716796875
0.325912475585938
0.305938720703125
0.320297241210938
0.341049194335938
0.322525024414062
0.31103515625
0.308029174804688
0.321441650390625
0.319656372070312
0.316116333007812
0.321884155273438
0.321685791015625
0.324188232421875
0.323959350585938
0.32830810546875
0.323745727539062
0.318206787109375
0.319015502929688
0.3214111328125
0.322601318359375
0.319427490234375
0.317657470703125
0.316635131835938
0.319992065429688
0.3165283203125
0.317520141601562
0.319992065429688
0.315658569335938
0.316879272460938
0.320114135742188
0.324249267578125
0.3287353515625
0.317703247070312
0.334487915039062
0.32855224609375
0.321258544921875
0.31036376953125
0.316162109375
0.320968627929688
0.325332641601562
0.321258544921875
0.33013916015625
0.321502685546875
0.326126098632812
0.319366455078125
0.320388793945312
0.322128295898438
0.321746826171875
0.321746826171875
0.319305419921875
0.319534301757812
0.324691772460938
0.320770263671875
0.323379516601562
0.324111938476562
0.322158813476562
0.318527221679688
0.320281982421875
0.3203125
0.31866455078125
0.319656372070312
0.325408935546875
0.324310302734375
0.331192016601562
0.321197509765625
0.3223876953125
0.322921752929688
0.326614379882812
0.31988525390625
0.318878173828125
0.32177734375
0.323257446289062
0.324234008789062
0.322418212890625