0.241043090820312
0.241592407226562
0.245880126953125
0.2440185546875
0.233840942382812
0.223403930664062
0.261932373046875
0.282394409179688
0.259979248046875
0.225799560546875
0.222412109375
0.2406005859375
0.258209228515625
0.261474609375
0.255096435546875
0.247543334960938
0.249496459960938
0.246337890625
0.244400024414062
0.24517822265625
0.23760986328125
0.238632202148438
0.2398681640625
0.234039306640625
0.234512329101562
0.238906860351562
0.2403564453125
0.239120483398438
0.235992431640625
0.237075805664062
0.2364501953125
0.24139404296875
0.243408203125
0.243331909179688
0.239471435546875
0.23394775390625
0.23748779296875
0.23675537109375
0.239547729492188
0.238815307617188
0.239105224609375
0.240524291992188
0.239654541015625
0.239242553710938
0.2425537109375
0.236892700195312
0.231048583984375
0.2362060546875
0.23870849609375
0.242645263671875
0.242446899414062
0.237091064453125
0.240493774414062
0.244415283203125
0.25030517578125
0.251678466796875
0.240753173828125
0.234283447265625
0.237884521484375
0.245834350585938
0.24676513671875
0.245147705078125
0.237457275390625
0.2391357421875
0.240737915039062
0.244400024414062
0.2366943359375
0.235198974609375
0.231414794921875
0.235107421875
0.238616943359375
0.242706298828125
0.245376586914062
0.2513427734375
0.250030517578125
0.248611450195312
0.248611450195312
0.24407958984375
0.247573852539062
0.237380981445312
0.234909057617188
0.25390625
0.270156860351562
0.243255615234375
0.200454711914062
0.215011596679688
0.23248291015625
0.245147705078125
0.231765747070312
0.229385375976562
0.237091064453125
0.250076293945312
0.25274658203125
0.244781494140625
0.242172241210938
0.235916137695312
0.239883422851562
0.241256713867188
0.239181518554688
0.232254028320312
0.236099243164062
0.231201171875
0.23101806640625
0.232391357421875
0.223098754882812
0.221084594726562
0.230148315429688
0.242233276367188
0.240478515625
0.22796630859375
0.238128662109375
0.264984130859375
0.259963989257812
0.226837158203125
0.210800170898438
0.2330322265625
0.256439208984375
0.258987426757812
0.248458862304688
0.238082885742188
0.239501953125
0.251953125
0.253616333007812
0.248825073242188
0.242355346679688
0.23638916015625
0.243804931640625
0.247406005859375
0.241851806640625
0.243362426757812
0.2384033203125
0.2435302734375
0.245452880859375
0.243362426757812
0.237289428710938
0.233245849609375
0.239227294921875
0.246231079101562
0.243850708007812
0.236923217773438
0.235519409179688
0.2337646484375
0.237091064453125
0.236846923828125
0.24005126953125
0.24371337890625
0.24462890625
0.247039794921875
0.24365234375
0.237335205078125
0.2386474609375
0.240325927734375
0.23968505859375
0.240921020507812
0.245742797851562
0.239028930664062
0.23358154296875
0.241622924804688
0.246856689453125
0.248794555664062
0.24224853515625
0.248199462890625
0.24908447265625
0.250656127929688
0.249710083007812
0.244979858398438
0.243423461914062
0.246917724609375
0.245529174804688
0.2410888671875
0.237640380859375
0.23687744140625
0.242385864257812
0.243820190429688
0.24267578125
0.24078369140625
0.235260009765625
0.238311767578125
0.238800048828125
0.236602783203125
0.23779296875
0.236862182617188
0.236740112304688
0.23773193359375
0.2392578125
0.240463256835938
0.239730834960938
0.242080688476562
0.227584838867188
0.232086181640625
0.259384155273438
0.251861572265625
0.232574462890625
0.216781616210938
0.231231689453125
0.24468994140625
0.246688842773438
0.239654541015625
0.241851806640625
0.245407104492188
0.245986938476562
0.250717163085938
0.24658203125
0.237472534179688
0.236358642578125
0.235000610351562
0.239715576171875
0.237640380859375
0.23687744140625
0.240402221679688
0.24188232421875
0.2322998046875
0.229583740234375
0.235137939453125
0.232421875
0.238372802734375
0.24237060546875
0.239730834960938
0.225189208984375
0.242599487304688
0.260696411132812
0.252899169921875
0.233673095703125
0.231948852539062
0.247940063476562
0.260299682617188
0.253433227539062
0.2486572265625
0.249755859375
0.246353149414062
0.243545532226562
0.240859985351562
0.241256713867188
0.239120483398438
0.246170043945312
0.24810791015625
0.239273071289062
0.238693237304688
0.242294311523438
0.241256713867188
0.2398681640625
0.241043090820312
0.24163818359375
0.241256713867188
0.239578247070312
0.242111206054688
0.246795654296875
0.252182006835938
0.245391845703125
0.245880126953125
0.240203857421875
0.239883422851562
0.247543334960938
0.24383544921875
0.236099243164062
0.233810424804688
0.236297607421875
0.239334106445312
0.244537353515625
0.238876342773438
0.236862182617188
0.233551025390625
0.23822021484375
0.2457275390625
0.243408203125
0.242691040039062
0.244598388671875
0.239974975585938
0.242034912109375
0.238265991210938
0.24005126953125
0.24273681640625
0.241989135742188
0.241424560546875
0.245529174804688
0.243148803710938
0.241790771484375
0.24163818359375
0.236312866210938
0.235580444335938