0.383407592773438
0.401077270507812
0.411773681640625
0.40447998046875
0.394287109375
0.39105224609375
0.39892578125
0.39990234375
0.398529052734375
0.40350341796875
0.401458740234375
0.399444580078125
0.404922485351562
0.401657104492188
0.3980712890625
0.398757934570312
0.400985717773438
0.39923095703125
0.398422241210938
0.401046752929688
0.401229858398438
0.402069091796875
0.40643310546875
0.40423583984375
0.399139404296875
0.398239135742188
0.395751953125
0.399063110351562
0.402542114257812
0.402923583984375
0.404769897460938
0.404739379882812
0.39404296875
0.403732299804688
0.400482177734375
0.391860961914062
0.387725830078125
0.398712158203125
0.403213500976562
0.400054931640625
0.40185546875
0.404693603515625
0.404708862304688
0.40667724609375
0.404434204101562
0.3988037109375
0.398056030273438
0.396133422851562
0.398422241210938
0.4024658203125
0.399307250976562
0.39874267578125
0.395858764648438
0.39697265625
0.393600463867188
0.40020751953125
0.40155029296875
0.396209716796875
0.39898681640625
0.396026611328125
0.393890380859375
0.395980834960938
0.394515991210938
0.397781372070312
0.395248413085938
0.399307250976562
0.40106201171875
0.39935302734375
0.398880004882812
0.396759033203125
0.394683837890625
0.393524169921875
0.393539428710938
0.399581909179688
0.403274536132812
0.40496826171875
0.396804809570312
0.394668579101562
0.397308349609375
0.395217895507812
0.397384643554688
0.398880004882812
0.39654541015625
0.400543212890625
0.40301513671875
0.401641845703125
0.399856567382812
0.401824951171875
0.39447021484375
0.397003173828125
0.397308349609375
0.39892578125
0.400039672851562
0.403167724609375
0.402130126953125
0.40087890625
0.4013671875
0.398162841796875
0.395980834960938
0.397308349609375
0.400238037109375
0.399917602539062
0.40277099609375
0.402679443359375
0.401947021484375
0.400299072265625
0.399810791015625
0.396636962890625
0.39569091796875
0.397445678710938
0.398239135742188
0.399505615234375
0.403945922851562
0.403350830078125
0.39898681640625
0.395904541015625
0.396560668945312
0.399642944335938
0.399246215820312
0.399124145507812
0.397445678710938
0.395736694335938
0.397369384765625
0.39959716796875
0.406051635742188
0.406387329101562
0.406661987304688
0.401199340820312
0.400253295898438
0.390106201171875
0.38116455078125
0.402908325195312
0.410614013671875
0.397476196289062
0.382247924804688
0.411712646484375
0.414794921875
0.401016235351562
0.386642456054688
0.387725830078125
0.397750854492188
0.399383544921875
0.404953002929688
0.403701782226562
0.399703979492188
0.400466918945312
0.398910522460938
0.397705078125
0.399398803710938
0.398605346679688
0.397613525390625
0.399505615234375
0.402587890625
0.402862548828125
0.403549194335938
0.403213500976562
0.401535034179688
0.4036865234375
0.401565551757812
0.401687622070312
0.40045166015625
0.39910888671875
0.403488159179688
0.402572631835938
0.404205322265625
0.400238037109375
0.393722534179688
0.403640747070312
0.408416748046875
0.3953857421875
0.390304565429688
0.40020751953125
0.405120849609375
0.402267456054688
0.403549194335938
0.405624389648438
0.402847290039062
0.403961181640625
0.403549194335938
0.40423583984375
0.404067993164062
0.405258178710938
0.40216064453125
0.403396606445312
0.40216064453125
0.397872924804688
0.398590087890625
0.398483276367188
0.399551391601562
0.399444580078125
0.400390625
0.400604248046875
0.401443481445312
0.404205322265625
0.40228271484375
0.400466918945312
0.398635864257812
0.399703979492188
0.402572631835938
0.399551391601562
0.398956298828125
0.40460205078125
0.398574829101562
0.402191162109375
0.401931762695312
0.40020751953125
0.403640747070312
0.39959716796875
0.3992919921875
0.401473999023438
0.403045654296875
0.405532836914062
0.405105590820312
0.402618408203125
0.401611328125
0.4017333984375
0.40191650390625
0.40325927734375
0.403976440429688
0.400680541992188
0.401168823242188
0.404800415039062
0.402786254882812
0.401443481445312
0.404434204101562
0.405197143554688
0.404953002929688
0.400299072265625
0.400009155273438
0.401626586914062
0.398605346679688
0.4033203125
0.403915405273438
0.404098510742188
0.40374755859375
0.400802612304688
0.399078369140625
0.401626586914062
0.393600463867188
0.397048950195312
0.399215698242188
0.401153564453125
0.406539916992188
0.406906127929688
0.40496826171875
0.406494140625
0.407135009765625
0.399002075195312
0.39971923828125
0.4013671875
0.399581909179688
0.397628784179688
0.4013671875
0.406600952148438
0.408615112304688
0.4052734375
0.401596069335938
0.4078369140625
0.396728515625
0.385101318359375
0.406539916992188
0.410369873046875
0.399200439453125
0.379592895507812
0.403656005859375
0.410903930664062
0.39794921875
0.391937255859375
0.39959716796875
0.405685424804688
0.406295776367188
0.406951904296875
0.400039672851562
0.396881103515625
0.38958740234375
0.388397216796875
0.393585205078125
0.397811889648438
0.403472900390625
0.40020751953125