0.549224853515625
0.550735473632812
0.546310424804688
0.546524047851562
0.548538208007812
0.54681396484375
0.548690795898438
0.5506591796875
0.546783447265625
0.548202514648438
0.552902221679688
0.549713134765625
0.549942016601562
0.548080444335938
0.550735473632812
0.54547119140625
0.539627075195312
0.546127319335938
0.55078125
0.55487060546875
0.54833984375
0.544631958007812
0.547256469726562
0.54632568359375
0.548355102539062
0.548095703125
0.55462646484375
0.557037353515625
0.547805786132812
0.54388427734375
0.547439575195312
0.529205322265625
0.533355712890625
0.54656982421875
0.57611083984375
0.544876098632812
0.547988891601562
0.54412841796875
0.538619995117188
0.539962768554688
0.544967651367188
0.54736328125
0.551376342773438
0.548934936523438
0.555648803710938
0.552337646484375
0.548721313476562
0.545211791992188
0.552230834960938
0.545028686523438
0.54132080078125
0.546630859375
0.547088623046875
0.550186157226562
0.552734375
0.548385620117188
0.545806884765625
0.55413818359375
0.556564331054688
0.54443359375
0.533966064453125
0.558670043945312
0.55487060546875
0.541717529296875
0.537933349609375
0.553359985351562
0.54974365234375
0.544357299804688
0.54779052734375
0.554824829101562
0.552215576171875
0.540298461914062
0.550750732421875
0.558319091796875
0.555374145507812
0.543777465820312
0.533340454101562
0.547775268554688
0.552444458007812
0.556106567382812
0.542800903320312
0.541717529296875
0.552169799804688
0.549697875976562
0.541549682617188
0.540252685546875
0.54388427734375
0.545867919921875
0.550888061523438
0.549270629882812
0.549819946289062
0.545440673828125
0.546661376953125
0.547134399414062
0.543197631835938
0.541351318359375
0.546112060546875
0.546340942382812
0.548126220703125
0.54986572265625
0.546951293945312
0.54443359375
0.544204711914062
0.543960571289062
0.538589477539062
0.542221069335938
0.543228149414062
0.546981811523438
0.54541015625
0.554656982421875
0.546890258789062
0.544662475585938
0.521682739257812
0.535049438476562
0.545135498046875
0.569061279296875
0.528060913085938
0.548049926757812
0.548004150390625
0.541046142578125
0.5377197265625
0.543502807617188
0.543991088867188
0.5462646484375
0.545059204101562
0.544540405273438
0.5506591796875
0.553619384765625
0.55462646484375
0.551467895507812
0.543228149414062
0.541275024414062
0.536422729492188
0.542938232421875
0.544189453125
0.549453735351562
0.551651000976562
0.542892456054688
0.547744750976562
0.555557250976562
0.553054809570312
0.537353515625
0.552169799804688
0.55120849609375
0.541030883789062
0.538864135742188
0.546051025390625
0.545852661132812
0.545364379882812
0.550201416015625
0.552276611328125
0.546295166015625
0.553390502929688
0.55267333984375
0.55242919921875
0.547103881835938
0.54339599609375
0.541732788085938
0.542404174804688
0.543380737304688
0.54632568359375
0.54522705078125
0.542282104492188
0.549957275390625
0.546615600585938
0.548385620117188
0.542861938476562
0.541656494140625
0.543441772460938
0.541488647460938
0.543136596679688
0.543701171875
0.5491943359375
0.55047607421875
0.545639038085938
0.545562744140625
0.541397094726562
0.540283203125
0.544418334960938
0.544723510742188
0.541290283203125
0.548583984375
0.543487548828125
0.537506103515625
0.542022705078125
0.538101196289062
0.543182373046875
0.5487060546875
0.550201416015625
0.553146362304688
0.545608520507812
0.540908813476562
0.538604736328125
0.525558471679688
0.524261474609375
0.573410034179688
0.543136596679688
0.535507202148438
0.552490234375
0.533981323242188
0.535049438476562
0.540817260742188
0.544403076171875
0.54949951171875
0.546493530273438
0.547744750976562
0.553024291992188
0.553863525390625
0.551666259765625
0.542465209960938
0.54443359375
0.539321899414062
0.538848876953125
0.540252685546875
0.5439453125
0.545608520507812
0.5457763671875
0.546218872070312
0.5537109375
0.555191040039062
0.552383422851562
0.541427612304688
0.556015014648438
0.563369750976562
0.54730224609375
0.53790283203125
0.538528442382812
0.539749145507812
0.5389404296875
0.5517578125
0.547882080078125
0.55517578125
0.553497314453125
0.5501708984375
0.550018310546875
0.551437377929688
0.546844482421875
0.550460815429688
0.54852294921875
0.54998779296875
0.5484619140625
0.548431396484375
0.5477294921875
0.549407958984375
0.550094604492188
0.54913330078125
0.54595947265625
0.546249389648438
0.550094604492188
0.545867919921875
0.546051025390625
0.548660278320312
0.54315185546875
0.546722412109375
0.547317504882812
0.553329467773438
0.545867919921875
0.54559326171875
0.553817749023438
0.5509033203125
0.551864624023438
0.5496826171875
0.547027587890625
0.545883178710938
0.538345336914062
0.545730590820312
0.552261352539062
0.552017211914062
0.546005249023438
0.5472412109375
0.555755615234375
0.559844970703125
0.539596557617188
0.51654052734375
0.531936645507812
0.584060668945312
0.5533447265625
0.54931640625
0.558074951171875
0.53973388671875
0.540237426757812
0.546066284179688
0.546005249023438
0.550827026367188
0.543350219726562
0.552520751953125
0.552291870117188
0.547317504882812
0.55218505859375
0.5555419921875
0.553634643554688
0.547821044921875
0.548004150390625
0.5430908203125
0.548126220703125
0.547378540039062
0.546417236328125
0.54742431640625
0.55633544921875
0.55572509765625
0.553863525390625
0.538330078125
0.551651000976562
0.566375732421875
0.551925659179688
0.54412841796875
0.536346435546875
0.5450439453125
0.549835205078125
0.554672241210938
0.552764892578125
0.553466796875
0.5526123046875
0.558258056640625
0.5587158203125
0.552902221679688
0.551193237304688
0.543838500976562
0.548904418945312
0.547225952148438
0.551620483398438
0.550430297851562
0.5516357421875
0.5501708984375
0.551849365234375
0.547744750976562
0.547500610351562
0.547271728515625
0.548904418945312
0.547744750976562
0.552322387695312
0.543106079101562
0.549911499023438
0.54681396484375
0.551177978515625
0.547271728515625
0.54925537109375
0.548995971679688
0.551651000976562
0.546096801757812
0.549942016601562
0.5458984375
0.549728393554688
0.549758911132812
0.550674438476562
0.542953491210938
0.536376953125
0.542007446289062
0.551605224609375
0.555740356445312
0.549240112304688
0.553390502929688
0.555496215820312
0.5419921875
0.50714111328125
0.529052734375
0.582839965820312
0.552490234375
0.542282104492188
0.554885864257812
0.546539306640625
0.548782348632812
0.545654296875
0.5439453125
0.548538208007812
0.549972534179688
0.550933837890625
0.547103881835938
0.552871704101562
0.543930053710938
0.547637939453125
0.550506591796875
0.552139282226562
0.546035766601562
0.539047241210938
0.539260864257812
0.538009643554688
0.5457763671875
0.553070068359375
0.554092407226562
0.551864624023438
0.550186157226562
0.552902221679688
0.533599853515625
0.560592651367188
0.565139770507812
0.550567626953125
0.541534423828125
0.529220581054688
0.545074462890625
0.547958374023438
0.553741455078125
0.551345825195312
0.550704956054688
0.548736572265625
0.553466796875
0.556381225585938
0.549087524414062
0.53790283203125
0.53668212890625
0.54638671875
0.553176879882812
0.547393798828125
0.545883178710938
0.54248046875
0.544586181640625
0.539794921875
0.541229248046875
0.542861938476562
0.54388427734375
0.539886474609375
0.5345458984375
0.53863525390625
0.545989990234375
0.54449462890625
0.539947509765625
0.538619995117188
0.543243408203125
0.539642333984375
0.543731689453125
0.54083251953125
0.541656494140625
0.539398193359375
0.540847778320312
0.5411376953125
0.54107666015625
0.539520263671875
0.542495727539062
0.537933349609375
0.544418334960938
0.536178588867188
0.53985595703125
0.545654296875
0.543289184570312
0.543243408203125
0.540557861328125
0.538925170898438
0.536712646484375
0.540603637695312
0.540634155273438
0.537033081054688
0.542343139648438
0.548614501953125
0.54620361328125
0.536285400390625
0.542999267578125
0.531173706054688
0.505218505859375
0.537582397460938
0.570098876953125
0.5245361328125
0.54595947265625
0.543716430664062
0.530166625976562
0.522689819335938
0.52606201171875
0.5394287109375
0.54010009765625
0.535964965820312
0.538619995117188
0.539093017578125
0.542434692382812
0.5386962890625
0.53582763671875
0.533859252929688
0.526443481445312
0.533905029296875
0.536117553710938
0.5384521484375
0.536224365234375
0.538894653320312
0.5338134765625
0.53387451171875
0.531234741210938
0.536819458007812
0.540115356445312
0.538360595703125
0.534988403320312
0.52874755859375
0.538772583007812
0.534896850585938
0.516510009765625
0.524673461914062
0.538436889648438
0.533798217773438
0.534011840820312
0.539535522460938
0.541030883789062
0.537384033203125
0.538177490234375
0.53533935546875
0.535858154296875
0.53533935546875
0.5379638671875
0.53875732421875
0.534378051757812
0.5272216796875
0.52484130859375
0.527938842773438
0.532882690429688
0.532150268554688
0.533126831054688
0.5350341796875
0.531845092773438
0.531463623046875
0.533828735351562
0.526397705078125
0.52734375
0.534866333007812
0.526397705078125
0.534103393554688
0.536788940429688
0.533905029296875
0.52655029296875
0.531661987304688
0.529495239257812
0.529037475585938
0.52783203125
0.530029296875
0.529983520507812
0.529281616210938
0.531021118164062
0.530990600585938
0.531906127929688
0.530181884765625
0.532867431640625
0.530197143554688
0.528778076171875
0.532684326171875
0.532928466796875
0.533599853515625
0.529022216796875
0.53173828125
0.531417846679688
0.525131225585938
0.52587890625
0.533599853515625
0.530731201171875
0.52484130859375
0.535614013671875
0.535842895507812
0.533432006835938
0.526596069335938
0.52874755859375
0.528961181640625
0.525894165039062
0.529281616210938
0.531494140625
0.532699584960938
0.531951904296875
0.529281616210938
0.528533935546875
0.529953002929688
0.526168823242188
0.528533935546875
0.52972412109375
0.528244018554688
0.527328491210938
0.52777099609375
0.533859252929688
0.545989990234375
0.53851318359375
0.519363403320312
0.528549194335938
0.515060424804688
0.500534057617188
0.530410766601562
0.5576171875
0.519149780273438
0.535308837890625
0.53338623046875
0.526107788085938
0.519805908203125
0.517654418945312
0.529037475585938
0.52850341796875
0.534530639648438
0.534530639648438
0.531829833984375
0.5311279296875
0.53558349609375
0.530975341796875
0.5177001953125
0.523956298828125
0.524993896484375
0.52923583984375
0.524703979492188
0.529281616210938
0.5330810546875
0.53289794921875
0.524948120117188
0.527374267578125
0.533889770507812
0.532180786132812
0.537506103515625
0.531707763671875
0.516006469726562
0.533676147460938
0.527175903320312
0.525924682617188
0.52642822265625
0.528762817382812
0.52978515625
0.53167724609375
0.533859252929688
0.531204223632812
0.529800415039062
0.534820556640625
0.530731201171875
0.525894165039062
0.52850341796875
0.5341796875
0.532958984375
0.531524658203125
0.52978515625
0.528076171875
0.524688720703125
0.526092529296875
0.526809692382812
0.534317016601562
0.523223876953125
0.538742065429688
0.52593994140625
0.530792236328125
0.53411865234375
0.522964477539062
0.522735595703125
0.528076171875
0.528076171875
0.527114868164062
0.531021118164062
0.528411865234375
0.527435302734375
0.526596069335938
0.533554077148438
0.527557373046875
0.529006958007812
0.528030395507812
0.52703857421875
0.524993896484375
0.525909423828125
0.530288696289062
0.533172607421875
0.528594970703125
0.535537719726562
0.531951904296875
0.533187866210938
0.528076171875
0.525894165039062
0.52734375
0.522720336914062
0.52825927734375
0.529281616210938
0.53009033203125
0.528366088867188
0.524948120117188
0.529327392578125
0.52398681640625
0.52734375
0.530029296875
0.529739379882812
0.53515625
0.531723022460938
0.530548095703125
0.527618408203125
0.525238037109375
0.52862548828125
0.527603149414062
0.531967163085938
0.5340576171875
0.53900146484375
0.542312622070312
0.537353515625
0.5220947265625
0.52984619140625
0.508575439453125
0.51165771484375
0.538909912109375
0.56072998046875
0.509490966796875
0.5357666015625
0.527145385742188
0.532882690429688
0.5196533203125
0.514266967773438
0.535812377929688
0.537704467773438
0.534820556640625
0.532394409179688
0.531463623046875
0.528335571289062
0.525192260742188
0.530029296875
0.52545166015625
0.52392578125
0.52203369140625
0.532638549804688
0.528091430664062
0.53338623046875
0.529037475585938
0.528289794921875
0.529769897460938
0.526611328125
0.525909423828125
0.531051635742188
0.535415649414062
0.529571533203125
0.524688720703125
0.544448852539062
0.535842895507812
0.511672973632812
0.516738891601562
0.53289794921875
0.532440185546875
0.526641845703125
0.528518676757812
0.532211303710938
0.52716064453125
0.53125
0.532669067382812
0.533843994140625
0.529098510742188
0.52569580078125
0.531097412109375
0.533248901367188
0.530319213867188
0.52301025390625
0.52490234375
0.523696899414062
0.524429321289062
0.528717041015625
0.527679443359375
0.527999877929688
0.522735595703125
0.527847290039062
0.529830932617188
0.528091430664062
0.52691650390625
0.527908325195312
0.531494140625
0.529327392578125
0.52227783203125
0.52227783203125
0.522491455078125
0.525741577148438
0.524749755859375
0.525894165039062
0.528396606445312
0.524490356445312
0.523483276367188
0.534835815429688
0.531173706054688
0.523651123046875
0.52972412109375
0.533660888671875
0.530319213867188
0.527420043945312
0.531265258789062
0.525192260742188
0.522964477539062
0.5283203125
0.527572631835938
0.522506713867188
0.528045654296875
0.539047241210938
0.525665283203125
0.527603149414062
0.5302734375
0.531036376953125
0.527420043945312
0.522537231445312
0.529647827148438
0.530548095703125
0.533187866210938
0.533218383789062
0.531463623046875
0.526397705078125
0.526336669921875
0.52685546875
0.530014038085938
0.529998779296875
0.5322265625
0.537338256835938
0.536331176757812
0.529129028320312
0.528518676757812
0.520797729492188
0.502975463867188
0.528060913085938
0.550399780273438
0.534194946289062
0.512832641601562
0.537765502929688
0.525665283203125
0.528121948242188
0.512893676757812
0.525726318359375
0.534881591796875
0.53314208984375
0.528945922851562
0.530975341796875
0.531021118164062
0.530029296875
0.53131103515625
0.5250244140625
0.523971557617188
0.5189208984375
0.521560668945312
0.525833129882812
0.531753540039062
0.531463623046875
0.528564453125
0.529342651367188
0.526199340820312
0.526657104492188
0.531448364257812
0.533920288085938
0.536300659179688
0.5184326171875
0.525405883789062
0.542190551757812
0.533721923828125
0.517593383789062
0.525634765625
0.536300659179688
0.536788940429688
0.527618408203125
0.532623291015625
0.530685424804688
0.530426025390625
0.523406982421875
0.529495239257812
0.532501220703125
0.532577514648438
0.521469116210938
0.52984619140625
0.534210205078125
0.531967163085938
0.5244140625
0.525588989257812
0.530685424804688
0.529464721679688
0.525894165039062
0.523452758789062
0.524383544921875
0.526443481445312
0.533645629882812
0.53271484375
0.53326416015625
0.532012939453125
0.526458740234375
0.520263671875
0.530593872070312
0.531784057617188
0.526229858398438
0.527587890625
0.525405883789062
0.528839111328125
0.52423095703125
0.531478881835938
0.531036376953125
0.531982421875
0.524703979492188
0.527603149414062
0.530471801757812
0.530975341796875
0.526336669921875
0.524932861328125
0.529830932617188
0.532669067382812
0.531219482421875
0.531646728515625
0.53436279296875
0.529815673828125
0.527359008789062
0.527359008789062
0.528045654296875
0.530731201171875
0.533798217773438
0.5369873046875
0.530548095703125
0.530517578125
0.53173828125
0.533172607421875
0.526840209960938
0.52679443359375
0.5325927734375
0.54010009765625
0.5404052734375
0.533416748046875
0.528106689453125
0.535079956054688
0.509902954101562
0.512496948242188
0.539093017578125
0.561416625976562
0.506271362304688
0.533599853515625
0.530975341796875
0.531967163085938
0.5208740234375
0.52349853515625
0.53460693359375
0.53887939453125
0.532394409179688
0.53863525390625
0.537200927734375
0.529098510742188
0.531539916992188
0.53131103515625
0.528579711914062
0.533905029296875
0.529205322265625
0.530380249023438
0.533309936523438
0.532806396484375
0.532821655273438
0.5330810546875
0.531204223632812
0.535079956054688
0.52978515625
0.53656005859375
0.543365478515625
0.533370971679688
0.5311279296875
0.545318603515625
0.533966064453125
0.525299072265625
0.521408081054688
0.537368774414062
0.539398193359375
0.534149169921875
0.533157348632812
0.533096313476562
0.532150268554688
0.536209106445312
0.538436889648438
0.535552978515625
0.5322265625
0.5396728515625
0.54193115234375
0.537445068359375
0.5321044921875
0.531585693359375
0.527313232421875
0.535720825195312
0.5318603515625
0.536895751953125
0.535675048828125
0.540313720703125
0.5362548828125
0.538421630859375
0.53460693359375
0.528533935546875
0.537002563476562
0.535751342773438
0.530715942382812
0.533798217773438
0.53680419921875
0.535751342773438
0.535476684570312
0.532806396484375
0.533126831054688
0.532943725585938
0.537445068359375
0.538406372070312
0.5357666015625
0.533554077148438
0.538162231445312
0.537002563476562
0.542465209960938
0.525711059570312
0.5384521484375
0.534866333007812
0.541824340820312
0.53668212890625
0.53936767578125
0.536224365234375
0.533523559570312
0.537139892578125
0.540084838867188
0.537033081054688
0.534072875976562
0.534378051757812
0.53582763671875
0.536041259765625
0.5439453125
0.542282104492188
0.54083251953125
0.539108276367188
0.542999267578125
0.511184692382812
0.504562377929688
0.540512084960938
0.564544677734375
0.523895263671875
0.552322387695312
0.535659790039062
0.53448486328125
0.5406494140625
0.53240966796875
0.536026000976562
0.539840698242188
0.533538818359375
0.540481567382812
0.538589477539062
0.53582763671875
0.538711547851562
0.5400390625
0.544143676757812
0.539947509765625
0.541015625
0.534072875976562
0.535369873046875
0.537353515625
0.537887573242188
0.5419921875
0.54058837890625
0.54010009765625
0.535552978515625
0.546417236328125
0.543472290039062
0.533782958984375
0.560928344726562
0.538497924804688
0.532073974609375
0.522689819335938
0.528213500976562
0.53741455078125
0.543655395507812
0.544204711914062
0.543411254882812
0.547332763671875
0.548126220703125
0.54766845703125
0.5379638671875
0.5369873046875
0.53936767578125
0.53912353515625
0.543289184570312
0.542770385742188
0.535980224609375
0.538604736328125
0.540512084960938
0.539276123046875
0.543380737304688
0.54296875
0.540069580078125
0.5362548828125
0.53460693359375
0.5421142578125
0.543365478515625
0.540084838867188
0.543914794921875
0.538314819335938
0.539871215820312
0.539138793945312
0.54449462890625
0.5401611328125
0.53680419921875
0.540145874023438
0.533401489257812
0.536300659179688
0.54229736328125
0.542953491210938
0.538604736328125
0.54010009765625
0.539642333984375
0.535568237304688
0.541122436523438
0.544677734375
0.538406372070312
0.535781860351562
0.541091918945312
0.539169311523438
0.5377197265625
0.5374755859375
0.548355102539062
0.548629760742188
0.5479736328125
0.54547119140625
0.548812866210938
0.532180786132812
0.507858276367188
0.530105590820312
0.581497192382812
0.538177490234375
0.540481567382812
0.54827880859375
0.529403686523438
0.539474487304688
0.529937744140625
0.525543212890625
0.535049438476562
0.545486450195312
0.543746948242188
0.545440673828125
0.5426025390625
0.541366577148438
0.537490844726562
0.534072875976562
0.536270141601562
0.538909912109375
0.5374755859375
0.53961181640625
0.541976928710938
0.541030883789062
0.543228149414062
0.541717529296875
0.539199829101562
0.543563842773438
0.5457763671875
0.547012329101562
0.523239135742188
0.555130004882812
0.552001953125
0.535995483398438
0.526763916015625
0.527023315429688
0.543975830078125
0.545684814453125
0.54327392578125
0.53887939453125
0.543212890625
0.543930053710938
0.546295166015625
0.545486450195312
0.537841796875
0.539520263671875
0.539505004882812
0.539215087890625
0.53485107421875
0.537384033203125
0.532073974609375
0.539993286132812
0.540496826171875
0.537109375
0.535171508789062
0.537216186523438
0.5404052734375
0.53509521484375
0.5382080078125
0.536270141601562
0.541091918945312
0.5377197265625
0.538528442382812
0.538497924804688
0.53704833984375
0.538299560546875
0.53900146484375
0.535308837890625
0.535491943359375
0.538375854492188
0.534561157226562
0.537002563476562
0.536346435546875
0.542816162109375
0.538223266601562
0.54541015625
0.540115356445312
0.538131713867188
0.54010009765625
0.537734985351562
0.537506103515625
0.539154052734375
0.534378051757812
0.536026000976562
0.537979125976562
0.546295166015625
0.54071044921875
0.537506103515625
0.538681030273438
0.524948120117188
0.50531005859375
0.522857666015625
0.575393676757812
0.527908325195312
0.536727905273438
0.539642333984375
0.527801513671875
0.52398681640625
0.529296875
0.529464721679688
0.532623291015625
0.531646728515625
0.533828735351562
0.538223266601562
0.537033081054688
0.536117553710938
0.533920288085938
0.539031982421875
0.524261474609375
0.527603149414062
0.532394409179688
0.533645629882812
0.53692626953125
0.536407470703125
0.532852172851562
0.532455444335938
0.533905029296875
0.531982421875
0.535125732421875
0.540695190429688
0.539993286132812
0.525405883789062
0.545944213867188
0.541854858398438
0.524658203125
0.515090942382812
0.525741577148438
0.535842895507812
0.535995483398438
0.531661987304688
0.530899047851562
0.53863525390625
0.532379150390625
0.536056518554688
0.533447265625
0.529098510742188
0.53076171875
0.529815673828125
0.527175903320312
0.53167724609375
0.535369873046875
0.5333251953125
0.528717041015625
0.530914306640625
0.530654907226562
0.52203369140625
0.520263671875
0.521560668945312
0.526443481445312
0.527679443359375
0.528396606445312
0.536331176757812
0.52691650390625
0.524749755859375
0.525680541992188
0.529556274414062
0.529998779296875
0.526641845703125
0.526702880859375
0.527450561523438
0.527175903320312
0.527435302734375
0.52203369140625
0.527313232421875
0.529754638671875
0.525390625
0.524459838867188
0.525222778320312
0.529296875
0.527862548828125
0.530792236328125
0.528182983398438
0.527847290039062
0.523056030273438
0.52587890625
0.52545166015625
0.526214599609375
0.529312133789062
0.525955200195312
0.528610229492188
0.527877807617188
0.529312133789062
0.528152465820312
0.52130126953125
0.526840209960938
0.52349853515625
0.521331787109375
0.530059814453125
0.535598754882812
0.53173828125
0.515243530273438
0.525405883789062
0.512847900390625
0.490676879882812
0.532958984375
0.562286376953125
0.506332397460938
0.532455444335938
0.530624389648438
0.52227783203125
0.511383056640625
0.5078125
0.522796630859375
0.527130126953125
0.528274536132812
0.53045654296875
0.528884887695312
0.535110473632812
0.532302856445312
0.522354125976562
0.51702880859375
0.518722534179688
0.517486572265625
0.5203857421875
0.526473999023438
0.528182983398438
0.5206298828125
0.521575927734375
0.524917602539062
0.521865844726562
0.5201416015625
0.525955200195312
0.532943725585938
0.523544311523438
0.523300170898438
0.520889282226562
0.534912109375
0.51898193359375
0.514251708984375
0.520370483398438
0.5228271484375
0.524505615234375
0.527145385742188
0.51788330078125
0.520309448242188
0.527328491210938
0.5240478515625
0.5216064453125
0.520248413085938
0.526107788085938
0.527328491210938
0.528457641601562
0.524322509765625
0.522354125976562
0.518203735351562
0.513839721679688
0.5194091796875
0.52227783203125
0.520111083984375
0.519882202148438
0.519638061523438
0.521835327148438
0.520233154296875
0.519256591796875
0.523269653320312
0.524490356445312
0.5196533203125
0.522964477539062
0.517242431640625
0.52166748046875
0.524490356445312
0.516586303710938
0.519790649414062
0.520950317382812
0.521652221679688
0.522796630859375
0.516998291015625
0.519393920898438
0.517288208007812
0.51800537109375
0.522323608398438
0.523971557617188
0.520111083984375
0.519577026367188
0.52178955078125
0.525955200195312
0.518218994140625
0.519439697265625
0.515609741210938
0.523330688476562
0.521621704101562
0.517562866210938
0.518508911132812
0.522567749023438
0.521133422851562
0.524765014648438
0.525970458984375
0.522613525390625
0.5230712890625
0.524978637695312
0.522811889648438
0.5255126953125
0.522552490234375
0.5189208984375
0.515350341796875
0.520111083984375
0.522384643554688
0.5260009765625
0.530593872070312
0.52984619140625
0.524215698242188
0.516708374023438
0.532150268554688
0.501510620117188
0.511627197265625
0.536331176757812
0.544342041015625
0.495773315429688
0.530487060546875
0.528396606445312
0.527679443359375
0.512710571289062
0.511947631835938
0.53076171875
0.52325439453125
0.522933959960938
0.521987915039062
0.519378662109375
0.523956298828125
0.525344848632812
0.518157958984375
0.517288208007812
0.51727294921875
0.519271850585938
0.5172119140625
0.52203369140625
0.52880859375
0.526153564453125
0.517715454101562
0.5191650390625
0.521347045898438
0.519210815429688
0.524551391601562
0.52337646484375
0.527420043945312
0.515594482421875
0.5194091796875
0.5301513671875
0.518020629882812
0.509490966796875
0.522140502929688
0.528106689453125
0.5194091796875
0.5196533203125
0.529296875
0.52191162109375
0.522109985351562
0.525970458984375
0.529617309570312
0.525543212890625
0.520965576171875
0.52490234375
0.5238037109375
0.51556396484375
0.508529663085938
0.516067504882812
0.506805419921875
0.520355224609375
0.518386840820312
0.523269653320312
0.526901245117188
0.523117065429688
0.523895263671875
0.518356323242188
0.522415161132812
0.52130126953125
0.519180297851562
0.514328002929688
0.519241333007812
0.522003173828125
0.51263427734375
0.5211181640625
0.52764892578125
0.521865844726562
0.518661499023438
0.51995849609375
0.520889282226562
0.517990112304688
0.517288208007812
0.5262451171875
0.518966674804688
0.516510009765625
0.523773193359375
0.521591186523438
0.51837158203125
0.52569580078125
0.52447509765625
0.515335083007812
0.521194458007812
0.52020263671875
0.516571044921875
0.52081298828125
0.524520874023438
0.522415161132812
0.521957397460938
0.514404296875
0.521652221679688
0.522354125976562
0.51727294921875
0.5206298828125
0.522567749023438
0.519515991210938
0.517303466796875
0.51513671875
0.513397216796875
0.51458740234375
0.519500732421875
0.513824462890625
0.527908325195312
0.53143310546875
0.532272338867188
0.540756225585938
0.53546142578125
0.513458251953125
0.505111694335938
0.501296997070312
0.48870849609375