0.173477172851562
0.168197631835938
0.164779663085938
0.163162231445312
0.164749145507812
0.166458129882812
0.16400146484375
0.1676025390625
0.17120361328125
0.171142578125
0.168182373046875
0.169021606445312
0.171768188476562
0.1741943359375
0.169219970703125
0.171737670898438
0.166351318359375
0.167724609375
0.168991088867188
0.172653198242188
0.169754028320312
0.165985107421875
0.169235229492188
0.16943359375
0.168731689453125
0.166885375976562
0.167816162109375
0.171554565429688
0.177871704101562
0.170379638671875
0.1732177734375
0.16387939453125
0.163833618164062
0.163894653320312
0.16387939453125
0.166839599609375
0.172317504882812
0.177139282226562
0.173171997070312
0.173141479492188
0.178604125976562
0.177566528320312
0.170669555664062
0.1683349609375
0.171875
0.167449951171875
0.167236328125
0.175048828125
0.181838989257812
0.180740356445312
0.177230834960938
0.178451538085938
0.168121337890625
0.154754638671875
0.16619873046875
0.1817626953125
0.159103393554688
0.155242919921875
0.18927001953125
0.189865112304688
0.174209594726562
0.151962280273438
0.155014038085938
0.1656494140625
0.17144775390625
0.170150756835938
0.170883178710938
0.172836303710938
0.173416137695312
0.177581787109375
0.178955078125
0.1754150390625
0.166824340820312
0.163070678710938
0.163009643554688
0.166717529296875
0.174514770507812
0.180419921875
0.177780151367188
0.1763916015625
0.174636840820312
0.171798706054688
0.171188354492188
0.17047119140625
0.172149658203125
0.173782348632812
0.170669555664062
0.169937133789062
0.168777465820312
0.161239624023438
0.181808471679688
0.18389892578125
0.161590576171875
0.151809692382812
0.17169189453125
0.18096923828125
0.181640625
0.17950439453125
0.185577392578125
0.1845703125
0.18145751953125
0.17877197265625
0.180145263671875
0.17437744140625
0.177154541015625
0.176162719726562
0.173416137695312
0.17340087890625
0.176620483398438
0.17132568359375
0.169754028320312
0.172836303710938
0.174270629882812
0.175796508789062
0.170822143554688
0.17681884765625
0.177139282226562
0.173492431640625
0.16845703125
0.168075561523438
0.1712646484375
0.177947998046875
0.18328857421875
0.17449951171875
0.169769287109375
0.168701171875
0.168502807617188
0.172225952148438
0.17559814453125
0.176300048828125
0.175735473632812
0.1798095703125
0.1778564453125
0.181900024414062
0.179428100585938
0.179946899414062
0.172012329101562
0.173995971679688
0.17510986328125
0.177780151367188
0.17987060546875
0.179534912109375
0.179458618164062
0.182464599609375
0.18511962890625
0.1806640625
0.178665161132812
0.17596435546875
0.176727294921875
0.180908203125
0.179962158203125
0.179656982421875
0.173416137695312
0.182540893554688
0.188766479492188
0.1885986328125
0.17486572265625
0.181350708007812
0.181564331054688
0.171188354492188
0.170806884765625
0.19256591796875
0.180267333984375
0.161865234375
0.18157958984375
0.181869506835938
0.175750732421875
0.172592163085938
0.168930053710938
0.17333984375
0.18011474609375
0.181350708007812
0.174957275390625
0.171035766601562
0.1708984375
0.181045532226562
0.183425903320312
0.180831909179688
0.176177978515625
0.171920776367188
0.171401977539062
0.173995971679688
0.176605224609375
0.180816650390625
0.18341064453125
0.184310913085938
0.181106567382812
0.174835205078125
0.172927856445312
0.174591064453125
0.1751708984375
0.181442260742188
0.185150146484375
0.176925659179688
0.162307739257812
0.174224853515625
0.185623168945312
0.170684814453125
0.156402587890625
0.158920288085938
0.182998657226562
0.177001953125
0.178863525390625
0.187835693359375
0.182785034179688
0.181243896484375
0.185958862304688
0.183425903320312
0.1754150390625
0.172821044921875
0.17193603515625
0.173538208007812
0.171920776367188
0.172027587890625
0.175094604492188
0.17401123046875
0.176040649414062
0.174835205078125
0.179733276367188
0.174697875976562
0.174362182617188
0.172225952148438
0.171401977539062
0.170394897460938
0.1669921875
0.168441772460938
0.175994873046875
0.179519653320312
0.17572021484375
0.176971435546875
0.173416137695312
0.172805786132812
0.1724853515625
0.170578002929688
0.175369262695312
0.173736572265625
0.174758911132812
0.171066284179688
0.173309326171875
0.172409057617188
0.1695556640625
0.174942016601562
0.1727294921875
0.172943115234375
0.177642822265625
0.178543090820312
0.176956176757812
0.166458129882812
0.168899536132812
0.174819946289062
0.18121337890625
0.172943115234375
0.172576904296875
0.179779052734375
0.181365966796875
0.184295654296875
0.161666870117188
0.161483764648438
0.173507690429688
0.18072509765625
0.176193237304688
0.175827026367188
0.176849365234375
0.18109130859375
0.1822509765625
0.170120239257812
0.161575317382812
0.172836303710938
0.177841186523438
0.1749267578125
0.16943359375
0.173782348632812
0.181045532226562
0.177032470703125
0.168182373046875
0.171722412109375
0.168380737304688
0.177337646484375
0.175552368164062
0.176589965820312