0.540328979492188
0.537338256835938
0.539764404296875
0.53167724609375
0.538009643554688
0.53558349609375
0.539703369140625
0.54217529296875
0.54339599609375
0.538589477539062
0.537384033203125
0.535614013671875
0.540283203125
0.529830932617188
0.536605834960938
0.53753662109375
0.539260864257812
0.537277221679688
0.542861938476562
0.548187255859375
0.536376953125
0.533462524414062
0.541412353515625
0.544326782226562
0.531814575195312
0.534454345703125
0.542694091796875
0.539520263671875
0.53955078125
0.539169311523438
0.544235229492188
0.533447265625
0.534149169921875
0.54119873046875
0.523345947265625
0.508834838867188
0.546493530273438
0.573928833007812
0.516937255859375
0.542388916015625
0.5374755859375
0.551116943359375
0.545852661132812
0.541458129882812
0.542938232421875
0.540679931640625
0.534408569335938
0.529708862304688
0.544479370117188
0.550872802734375
0.546539306640625
0.541671752929688
0.537124633789062
0.532272338867188
0.536346435546875
0.529296875
0.537460327148438
0.542617797851562
0.535354614257812
0.546127319335938
0.541275024414062
0.537384033203125
0.537490844726562
0.545486450195312
0.540664672851562
0.530532836914062
0.525955200195312
0.559661865234375
0.551483154296875
0.525222778320312
0.519332885742188
0.530960083007812
0.5408935546875
0.54144287109375
0.544158935546875
0.5419921875
0.539688110351562
0.543350219726562
0.54241943359375
0.542404174804688
0.52911376953125
0.535202026367188
0.54705810546875
0.545425415039062
0.533767700195312
0.532501220703125
0.538925170898438
0.5462646484375
0.547225952148438
0.52734375
0.53076171875
0.536376953125
0.54510498046875
0.548980712890625
0.536636352539062
0.528121948242188
0.537765502929688
0.539810180664062
0.541030883789062
0.532241821289062
0.535842895507812
0.5411376953125
0.538818359375
0.535964965820312
0.544891357421875
0.536788940429688
0.527328491210938
0.530593872070312
0.54034423828125
0.5364990234375
0.536605834960938
0.53680419921875
0.537322998046875
0.54364013671875
0.539535522460938
0.538253784179688
0.53729248046875
0.535400390625
0.54046630859375
0.540924072265625
0.539260864257812
0.538589477539062
0.539596557617188
0.53814697265625
0.529449462890625
0.539810180664062
0.541275024414062
0.53753662109375
0.539642333984375
0.53729248046875
0.542892456054688
0.540283203125
0.538909912109375
0.538421630859375
0.538589477539062
0.535186767578125
0.532989501953125
0.534835815429688
0.546051025390625
0.54119873046875
0.539749145507812
0.541473388671875
0.546829223632812
0.517898559570312
0.506149291992188
0.541168212890625
0.565902709960938
0.524032592773438
0.544937133789062
0.531967163085938
0.553359985351562
0.5355224609375
0.529647827148438
0.53509521484375
0.542572021484375
0.5418701171875
0.539886474609375
0.544525146484375
0.547012329101562
0.539642333984375
0.541091918945312
0.529922485351562
0.527755737304688
0.534683227539062
0.539993286132812
0.5384521484375
0.541061401367188
0.544967651367188
0.541488647460938
0.54315185546875
0.541549682617188
0.5313720703125
0.541244506835938
0.550674438476562
0.537078857421875
0.525405883789062
0.555877685546875
0.542999267578125
0.52679443359375
0.527984619140625
0.530380249023438
0.539794921875
0.554092407226562
0.54510498046875
0.531036376953125
0.52203369140625
0.535125732421875
0.544845581054688
0.543411254882812
0.545333862304688
0.546356201171875
0.541336059570312
0.538650512695312
0.538253784179688
0.534347534179688
0.537948608398438
0.538131713867188
0.535003662109375
0.536590576171875
0.539337158203125
0.541778564453125
0.5390625
0.537124633789062
0.536376953125
0.538970947265625
0.539962768554688
0.541458129882812
0.5465087890625
0.5419921875
0.536895751953125
0.533279418945312
0.540512084960938
0.5347900390625
0.532943725585938
0.538803100585938
0.547042846679688
0.535125732421875
0.538299560546875
0.543853759765625
0.54217529296875
0.536346435546875
0.528610229492188
0.539291381835938
0.544357299804688
0.538787841796875
0.531280517578125
0.536819458007812
0.535903930664062
0.545791625976562
0.550140380859375
0.540939331054688
0.535629272460938
0.53515625
0.538818359375
0.545013427734375
0.538223266601562
0.541213989257812
0.545547485351562
0.5423583984375
0.537734985351562
0.541168212890625
0.535781860351562
0.54248046875
0.538330078125
0.540237426757812
0.543624877929688
0.53497314453125
0.53424072265625
0.538818359375
0.5445556640625
0.543838500976562
0.5452880859375
0.532272338867188
0.539505004882812
0.538833618164062
0.505462646484375
0.52264404296875
0.557907104492188
0.539382934570312
0.533493041992188
0.550445556640625
0.54669189453125
0.548965454101562
0.531265258789062
0.53515625
0.539703369140625
0.539047241210938
0.544082641601562
0.5435791015625
0.542861938476562
0.540740966796875
0.541748046875
0.538421630859375
0.535903930664062
0.53955078125
0.534683227539062
0.535659790039062
0.5386962890625
0.537322998046875
0.543350219726562
0.548965454101562
0.537109375
0.545028686523438
0.543685913085938
0.541458129882812
0.547515869140625
0.528152465820312
0.532791137695312
0.553375244140625
0.54010009765625
0.5301513671875
0.526947021484375
0.537979125976562
0.546951293945312
0.542816162109375
0.538223266601562
0.540771484375
0.547500610351562
0.5439453125
0.538101196289062
0.541748046875
0.542037963867188
0.53790283203125
0.537124633789062
0.536102294921875
0.544052124023438
0.541778564453125
0.543853759765625
0.540191650390625
0.536300659179688
0.532669067382812
0.53558349609375
0.5380859375
0.539077758789062
0.540130615234375
0.538131713867188
0.537185668945312
0.536361694335938
0.539810180664062
0.54150390625
0.538375854492188
0.535964965820312
0.534210205078125
0.531494140625
0.538711547851562
0.542648315429688
0.544891357421875
0.540359497070312
0.536666870117188
0.535614013671875
0.527877807617188
0.536605834960938
0.5352783203125
0.542221069335938
0.541000366210938
0.541229248046875
0.541244506835938
0.530349731445312
0.535171508789062
0.538314819335938
0.539810180664062
0.541534423828125
0.542282104492188
0.539382934570312
0.539566040039062
0.53826904296875
0.53948974609375
0.540496826171875
0.544692993164062
0.542037963867188
0.540557861328125
0.542877197265625
0.536849975585938
0.527740478515625
0.538330078125
0.538604736328125
0.535629272460938
0.54144287109375
0.540969848632812
0.54290771484375
0.543472290039062
0.526535034179688
0.53521728515625
0.547698974609375
0.516799926757812
0.516693115234375
0.55596923828125
0.560638427734375
0.523345947265625
0.549057006835938
0.539810180664062
0.54608154296875
0.534912109375
0.535385131835938
0.536590576171875
0.537490844726562
0.537094116210938
0.536102294921875
0.539291381835938
0.539047241210938
0.547348022460938
0.543746948242188
0.544021606445312
0.534027099609375
0.531097412109375
0.528472900390625
0.538330078125
0.5416259765625
0.542190551757812
0.541183471679688
0.535232543945312
0.534683227539062
0.533172607421875
0.53765869140625
0.548385620117188
0.534088134765625
0.529876708984375
0.563705444335938
0.552413940429688
0.53057861328125
0.520339965820312
0.531723022460938
0.54052734375
0.54656982421875
0.538909912109375
0.539154052734375
0.540023803710938
0.54144287109375
0.542236328125
0.540420532226562
0.543136596679688
0.539276123046875
0.540267944335938
0.538162231445312
0.537506103515625
0.542510986328125
0.541732788085938
0.541412353515625
0.535598754882812
0.542129516601562
0.537307739257812
0.532440185546875
0.540512084960938
0.541717529296875
0.537689208984375
0.5362548828125
0.536911010742188
0.537216186523438
0.535003662109375
0.537704467773438
0.534439086914062
0.536102294921875
0.540069580078125
0.543472290039062
0.543670654296875
0.537551879882812
0.5294189453125
0.532135009765625
0.540328979492188
0.542755126953125
0.540847778320312
0.53546142578125
0.536666870117188
0.54095458984375
0.540740966796875
0.535140991210938
0.533447265625
0.534225463867188
0.541061401367188
0.543243408203125
0.542282104492188
0.545822143554688
0.540191650390625
0.539474487304688
0.541488647460938
0.54620361328125
0.541305541992188
0.54571533203125
0.540008544921875
0.541702270507812
0.53924560546875
0.538726806640625
0.5390625
0.53857421875
0.5526123046875
0.543212890625
0.540084838867188
0.543014526367188
0.54193115234375
0.51995849609375
0.507369995117188
0.540267944335938
0.566925048828125
0.534759521484375
0.550369262695312
0.544601440429688
0.55181884765625
0.531494140625
0.527175903320312
0.537551879882812
0.548385620117188
0.541732788085938
0.548675537109375
0.553329467773438
0.544586181640625
0.539077758789062
0.536209106445312
0.5311279296875
0.53765869140625
0.538894653320312
0.53839111328125
0.53973388671875
0.538986206054688
0.544815063476562
0.546920776367188
0.5455322265625
0.543380737304688
0.541046142578125
0.545379638671875
0.54376220703125
0.529495239257812
0.535720825195312
0.569854736328125
0.556533813476562
0.538299560546875
0.5247802734375
0.539764404296875
0.5380859375
0.54193115234375
0.544113159179688
0.549697875976562
0.547012329101562
0.550384521484375
0.54827880859375
0.537582397460938
0.536636352539062
0.543716430664062
0.53912353515625
0.540756225585938
0.548019409179688
0.54827880859375
0.545486450195312
0.550094604492188
0.545257568359375
0.544570922851562
0.546554565429688
0.528884887695312
0.532196044921875
0.542709350585938
0.544464111328125
0.545455932617188
0.54840087890625
0.543441772460938
0.542205810546875
0.538803100585938
0.539581298828125
0.547088623046875
0.539154052734375
0.540084838867188
0.538864135742188
0.541275024414062
0.543731689453125
0.541793823242188
0.539566040039062
0.536834716796875
0.543670654296875
0.538314819335938
0.536941528320312
0.545455932617188
0.5428466796875
0.54010009765625
0.547348022460938
0.540786743164062
0.53857421875
0.540008544921875
0.542388916015625
0.548721313476562
0.54876708984375
0.541168212890625
0.534805297851562
0.534072875976562
0.543701171875
0.548599243164062
0.546356201171875
0.54644775390625
0.544586181640625
0.550628662109375
0.534194946289062
0.506637573242188
0.53399658203125
0.572509765625
0.544937133789062
0.547470092773438
0.550369262695312
0.556732177734375
0.538772583007812
0.533721923828125
0.538299560546875
0.542129516601562
0.539291381835938
0.54345703125
0.551284790039062
0.54644775390625
0.5478515625
0.53814697265625
0.53564453125
0.534683227539062
0.539535522460938
0.540985107421875
0.542465209960938
0.551666259765625
0.542190551757812
0.53997802734375
0.538497924804688
0.540313720703125
0.549346923828125
0.55230712890625
0.546218872070312
0.533599853515625
0.535171508789062
0.57147216796875
0.547088623046875
0.538192749023438
0.5308837890625
0.532119750976562
0.54364013671875
0.5433349609375
0.5469970703125
0.54779052734375
0.547027587890625
0.553863525390625
0.552871704101562
0.543167114257812
0.542068481445312
0.543212890625
0.546417236328125
0.540481567382812
0.543670654296875
0.543914794921875
0.546615600585938
0.54290771484375
0.547271728515625
0.5400390625
0.543777465820312
0.538101196289062
0.541015625
0.539093017578125
0.54571533203125
0.545440673828125
0.5484619140625
0.547454833984375
0.548019409179688
0.544082641601562
0.541534423828125
0.542984008789062
0.542556762695312
0.54058837890625
0.543746948242188
0.54248046875
0.541824340820312
0.547531127929688
0.539352416992188
0.540191650390625
0.546463012695312
0.542129516601562
0.543014526367188
0.540634155273438
0.543746948242188
0.541229248046875
0.544387817382812
0.548049926757812
0.549530029296875
0.550155639648438
0.54461669921875
0.537673950195312
0.543075561523438
0.544952392578125
0.541763305664062
0.538803100585938
0.544815063476562
0.546539306640625
0.547317504882812
0.546127319335938
0.548828125
0.534805297851562
0.503768920898438
0.533279418945312
0.570343017578125
0.54229736328125
0.541412353515625
0.552734375
0.558151245117188
0.53814697265625
0.527450561523438
0.535751342773438
0.544677734375
0.548538208007812
0.550216674804688
0.548019409179688
0.539566040039062
0.542037963867188
0.543930053710938
0.542510986328125
0.53814697265625
0.5330810546875
0.527969360351562
0.5321044921875
0.547256469726562
0.545303344726562
0.542434692382812
0.547348022460938
0.54278564453125
0.541580200195312
0.545730590820312
0.544479370117188
0.539901733398438
0.517501831054688
0.562576293945312
0.5513916015625
0.538909912109375
0.531204223632812
0.526336669921875
0.534530639648438
0.541305541992188
0.541015625
0.543350219726562
0.545547485351562
0.549148559570312
0.541473388671875
0.54498291015625
0.543121337890625
0.539260864257812
0.5389404296875
0.536209106445312
0.538360595703125
0.5380859375
0.535491943359375
0.537887573242188
0.542953491210938
0.54412841796875
0.53955078125
0.541488647460938
0.541030883789062
0.540557861328125
0.535476684570312
0.538360595703125
0.532135009765625
0.542221069335938
0.544464111328125
0.542282104492188
0.54534912109375
0.536972045898438
0.540771484375
0.517013549804688
0.544540405273438
0.54052734375
0.539779663085938
0.5380859375
0.534439086914062
0.535751342773438
0.537445068359375
0.536224365234375
0.537246704101562
0.536483764648438
0.539154052734375
0.535491943359375
0.53118896484375
0.53521728515625
0.536941528320312
0.537948608398438
0.535568237304688
0.543792724609375
0.540634155273438
0.5382080078125
0.53912353515625
0.5350341796875
0.531875610351562
0.530715942382812
0.534133911132812
0.53973388671875
0.538864135742188
0.5478515625
0.541534423828125
0.535873413085938
0.5408935546875
0.50714111328125
0.512252807617188
0.544464111328125
0.556930541992188
0.522247314453125
0.554901123046875
0.537368774414062
0.547821044921875
0.529190063476562
0.52459716796875
0.533279418945312
0.539566040039062
0.542892456054688
0.542678833007812
0.54144287109375
0.544174194335938
0.546188354492188
0.539443969726562
0.530197143554688
0.531463623046875
0.532180786132812
0.538192749023438
0.538864135742188
0.539535522460938
0.544830322265625
0.53936767578125
0.5291748046875
0.531600952148438
0.54473876953125
0.5404052734375
0.545974731445312
0.545944213867188
0.530593872070312
0.537078857421875
0.552658081054688
0.537460327148438
0.520065307617188
0.535354614257812
0.546676635742188
0.538482666015625
0.54071044921875
0.543380737304688
0.540771484375
0.540145874023438
0.534072875976562
0.534805297851562
0.53857421875
0.533782958984375
0.53448486328125
0.540878295898438
0.540496826171875
0.542556762695312
0.538436889648438
0.53790283203125
0.532073974609375
0.535659790039062
0.535659790039062
0.53643798828125
0.540512084960938
0.537704467773438
0.5355224609375
0.537216186523438
0.531661987304688
0.538436889648438
0.54010009765625
0.539154052734375
0.534774780273438
0.53533935546875
0.539505004882812
0.538482666015625
0.54473876953125
0.531875610351562
0.53765869140625
0.539337158203125
0.543716430664062
0.532073974609375
0.528915405273438
0.538192749023438
0.539901733398438
0.537216186523438
0.534561157226562
0.5389404296875
0.546463012695312
0.539413452148438
0.5364990234375
0.539352416992188
0.545379638671875
0.541595458984375
0.5299072265625
0.541793823242188
0.54058837890625
0.54736328125
0.53314208984375
0.543777465820312
0.54083251953125
0.548065185546875
0.537124633789062
0.53228759765625
0.539535522460938
0.540817260742188
0.542236328125
0.53863525390625
0.536300659179688
0.53680419921875
0.539154052734375
0.500473022460938
0.535491943359375
0.567886352539062
0.544448852539062
0.531784057617188
0.543701171875
0.537185668945312
0.546401977539062
0.528762817382812
0.534744262695312
0.544723510742188
0.546142578125
0.545120239257812
0.53466796875
0.537338256835938
0.537857055664062
0.539093017578125
0.534835815429688
0.533905029296875
0.540481567382812
0.531448364257812
0.535659790039062
0.5421142578125
0.5489501953125
0.545364379882812
0.531768798828125
0.53472900390625
0.535888671875
0.545806884765625
0.547103881835938
0.547103881835938
0.544021606445312
0.531631469726562
0.55523681640625
0.53948974609375
0.516647338867188
0.527084350585938
0.53607177734375
0.543609619140625
0.550796508789062
0.546340942382812
0.537322998046875
0.538986206054688
0.545501708984375
0.545181274414062
0.537704467773438
0.5361328125
0.539794921875
0.547637939453125
0.544723510742188
0.541427612304688
0.543167114257812
0.545364379882812
0.54144287109375
0.536712646484375
0.537246704101562
0.536376953125
0.5406494140625
0.538421630859375
0.53692626953125
0.532958984375
0.5341796875
0.538604736328125
0.536727905273438
0.547027587890625
0.54498291015625
0.536209106445312
0.534072875976562
0.531585693359375
0.533126831054688
0.539138793945312
0.544952392578125
0.54425048828125
0.542572021484375
0.542266845703125
0.538864135742188
0.539352416992188
0.537353515625
0.538070678710938
0.5350341796875
0.53985595703125
0.541610717773438
0.544509887695312
0.54058837890625
0.5352783203125
0.540084838867188
0.539108276367188
0.537841796875
0.54559326171875
0.541336059570312
0.547256469726562
0.5460205078125
0.539459228515625
0.536422729492188
0.535888671875
0.53369140625
0.533309936523438
0.54034423828125
0.543838500976562
0.53973388671875
0.544479370117188
0.542236328125
0.536941528320312
0.532058715820312
0.542251586914062
0.5224609375
0.518295288085938
0.548538208007812
0.571563720703125
0.521621704101562
0.54779052734375
0.53955078125
0.553863525390625
0.53912353515625
0.52899169921875
0.535263061523438
0.546340942382812
0.549972534179688
0.549468994140625
0.543426513671875
0.545654296875
0.538909912109375
0.534622192382812
0.53564453125
0.537246704101562
0.537612915039062
0.537628173828125
0.536178588867188
0.541458129882812
0.543197631835938
0.541549682617188
0.538223266601562
0.540390014648438
0.54083251953125
0.537460327148438
0.542221069335938
0.543212890625
0.52630615234375
0.553359985351562
0.558242797851562
0.531417846679688
0.525299072265625
0.542251586914062
0.539154052734375
0.541305541992188
0.543701171875
0.542922973632812
0.539474487304688
0.540695190429688
0.53765869140625
0.540847778320312
0.539688110351562
0.543533325195312
0.5360107421875
0.537460327148438
0.546920776367188
0.544021606445312
0.54156494140625
0.542190551757812
0.541030883789062
0.541427612304688
0.53326416015625
0.538894653320312
0.545135498046875
0.543792724609375
0.545242309570312
0.53668212890625
0.53753662109375
0.530380249023438
0.534255981445312
0.542724609375
0.544281005859375
0.545257568359375
0.54888916015625
0.543472290039062
0.535919189453125
0.536895751953125
0.534194946289062
0.537918090820312
0.541046142578125
0.54107666015625
0.542526245117188
0.539077758789062
0.538864135742188
0.539337158203125
0.54010009765625
0.5390625
0.535736083984375
0.53936767578125
0.538864135742188
0.541854858398438
0.543014526367188
0.543045043945312
0.54083251953125
0.53546142578125
0.535659790039062
0.539306640625
0.543899536132812
0.53985595703125
0.54400634765625
0.550537109375
0.544952392578125
0.545669555664062
0.539535522460938
0.540985107421875
0.54473876953125
0.50408935546875
0.523773193359375
0.565689086914062
0.558242797851562
0.542205810546875
0.543411254882812
0.54901123046875
0.5521240234375
0.5338134765625
0.529373168945312
0.542739868164062
0.539260864257812
0.54620361328125
0.54266357421875
0.543182373046875
0.537445068359375
0.538955688476562
0.540435791015625
0.548629760742188
0.54248046875
0.537582397460938
0.542129516601562
0.541671752929688
0.54290771484375
0.537872314453125
0.54412841796875
0.544906616210938
0.549240112304688
0.551910400390625
0.55242919921875
0.551956176757812
0.533050537109375
0.54168701171875
0.571029663085938
0.54974365234375
0.5321044921875
0.533798217773438
0.550155639648438
0.550155639648438
0.547454833984375
0.543380737304688
0.546600341796875
0.553207397460938
0.546127319335938
0.544921875
0.542709350585938
0.54248046875
0.551406860351562
0.5479736328125
0.5501708984375
0.542617797851562
0.54754638671875
0.544631958007812
0.544845581054688
0.543869018554688
0.549331665039062
0.547760009765625
0.548980712890625
0.544647216796875
0.552871704101562
0.54217529296875
0.5416259765625
0.539794921875
0.54998779296875
0.545654296875
0.548095703125
0.546463012695312
0.544631958007812
0.547988891601562
0.544570922851562
0.54534912109375
0.547515869140625
0.54425048828125
0.545883178710938
0.54632568359375
0.541168212890625
0.5460205078125
0.541763305664062
0.544174194335938
0.544403076171875
0.550308227539062
0.551223754882812
0.546096801757812
0.547470092773438
0.543365478515625
0.534896850585938
0.538299560546875
0.548782348632812
0.556365966796875
0.5555419921875
0.55364990234375
0.54998779296875
0.5584716796875
0.538665771484375
0.498382568359375
0.527542114257812
0.570648193359375
0.56500244140625
0.548309326171875
0.5572509765625
0.56280517578125
0.548538208007812
0.533157348632812
0.540908813476562
0.546356201171875
0.5484619140625
0.546051025390625
0.5518798828125
0.556747436523438
0.550491333007812
0.551666259765625
0.548233032226562
0.545379638671875
0.549697875976562
0.549163818359375
0.549423217773438
0.5455322265625
0.551101684570312
0.546035766601562
0.551071166992188
0.54852294921875
0.558441162109375
0.552444458007812
0.556121826171875
0.55108642578125
0.521011352539062
0.574844360351562
0.561187744140625
0.542236328125
0.533493041992188
0.534683227539062
0.549423217773438
0.560516357421875
0.548873901367188
0.556625366210938
0.557403564453125
0.556289672851562
0.558731079101562
0.554824829101562
0.549224853515625
0.541229248046875
0.55145263671875
0.548370361328125
0.548507690429688
0.551864624023438
0.550399780273438
0.5462646484375
0.548202514648438
0.548690795898438
0.54656982421875
0.541748046875
0.544204711914062
0.549484252929688
0.550521850585938
0.558624267578125
0.543121337890625
0.547119140625
0.54827880859375
0.537918090820312
0.551010131835938
0.546646118164062
0.550949096679688
0.556991577148438
0.548751831054688
0.543228149414062
0.541946411132812
0.546554565429688
0.54559326171875
0.54437255859375
0.546539306640625
0.55413818359375
0.550933837890625
0.5439453125
0.542709350585938
0.546157836914062
0.546295166015625
0.545608520507812
0.5460205078125
0.548507690429688
0.549575805664062
0.55078125
0.551513671875
0.547576904296875
0.548324584960938
0.54827880859375
0.519454956054688
0.514907836914062
0.555999755859375
0.574447631835938
0.538909912109375
0.53857421875
0.555038452148438
0.557418823242188
0.532302856445312
0.537460327148438
0.54400634765625
0.549423217773438
0.554092407226562
0.54327392578125
0.548233032226562
0.54345703125
0.54132080078125
0.549606323242188
0.546310424804688
0.552276611328125
0.550704956054688
0.545684814453125
0.54547119140625
0.548858642578125
0.54510498046875
0.546875
0.549545288085938
0.548446655273438
0.544479370117188
0.550308227539062
0.554092407226562
0.552139282226562
0.5279541015625
0.56707763671875
0.5594482421875
0.534271240234375
0.52593994140625
0.536468505859375
0.551223754882812
0.547561645507812
0.540481567382812
0.542633056640625
0.551132202148438
0.550933837890625
0.55029296875
0.548553466796875
0.542327880859375
0.542160034179688
0.541305541992188
0.539566040039062
0.54949951171875
0.54443359375
0.540786743164062
0.546585083007812
0.545822143554688
0.545852661132812
0.541717529296875
0.539337158203125
0.535446166992188
0.53863525390625
0.53765869140625
0.543701171875
0.546661376953125
0.547149658203125
0.544479370117188
0.538681030273438
0.546920776367188
0.546676635742188
0.540847778320312
0.542587280273438
0.541351318359375
0.54229736328125
0.5380859375
0.539520263671875
0.544662475585938
0.54058837890625
0.530197143554688
0.54248046875
0.551742553710938
0.542236328125
0.542251586914062
0.544143676757812
0.545150756835938
0.535797119140625
0.537460327148438
0.554428100585938
0.548248291015625
0.538604736328125
0.537399291992188
0.54205322265625
0.55010986328125
0.541366577148438
0.53643798828125
0.543731689453125
0.548416137695312
0.540145874023438
0.540573120117188
0.544158935546875
0.540283203125
0.535690307617188
0.536666870117188
0.548538208007812
0.556625366210938
0.544036865234375
0.532089233398438
0.542205810546875
0.542282104492188
0.504043579101562
0.53375244140625
0.571243286132812
0.537429809570312
0.53521728515625
0.536483764648438
0.55535888671875
0.530380249023438
0.528671264648438
0.52850341796875
0.535888671875
0.542816162109375
0.552444458007812
0.547866821289062
0.548629760742188
0.5416259765625
0.533645629882812
0.535568237304688
0.535614013671875
0.53314208984375
0.533111572265625
0.540267944335938
0.544631958007812
0.543121337890625
0.549697875976562
0.544158935546875
0.540863037109375
0.538986206054688
0.538497924804688
0.546966552734375
0.545455932617188
0.542068481445312
0.52850341796875
0.551971435546875
0.558013916015625
0.520767211914062
0.510635375976562
0.524948120117188
0.542617797851562
0.5457763671875
0.545364379882812
0.54443359375
0.544281005859375
0.549575805664062
0.542068481445312
0.535247802734375
0.539398193359375
0.538650512695312
0.539398193359375
0.532852172851562
0.534759521484375
0.535980224609375
0.538223266601562
0.538681030273438
0.545654296875
0.539398193359375
0.534164428710938
0.535903930664062
0.530426025390625
0.530258178710938
0.537277221679688
0.533584594726562
0.534088134765625
0.540374755859375
0.542770385742188
0.539169311523438
0.533584594726562
0.535736083984375
0.530410766601562
0.535781860351562
0.533859252929688
0.539413452148438
0.53045654296875
0.541061401367188
0.531402587890625
0.529006958007812
0.53533935546875
0.531875610351562
0.531692504882812
0.537246704101562
0.544342041015625
0.544784545898438
0.538467407226562
0.535980224609375
0.534988403320312
0.535003662109375
0.543045043945312
0.538436889648438
0.529937744140625
0.535720825195312
0.533279418945312
0.533309936523438
0.53997802734375
0.541961669921875
0.5413818359375
0.54229736328125
0.5377197265625
0.534683227539062
0.540313720703125
0.53717041015625
0.530899047851562
0.538925170898438
0.53216552734375
0.536712646484375
0.539413452148438
0.5428466796875
0.544754028320312
0.528945922851562
0.540359497070312
0.52703857421875
0.502883911132812
0.543045043945312
0.565032958984375
0.519119262695312
0.537185668945312
0.536956787109375
0.548049926757812
0.53594970703125
0.514450073242188
0.528244018554688
0.538925170898438
0.539443969726562
0.547576904296875
0.553329467773438
0.531600952148438
0.5328369140625
0.533432006835938
0.527923583984375
0.530914306640625
0.524993896484375
0.5399169921875
0.539108276367188