0.53228759765625
0.512985229492188
0.493072509765625
0.482406616210938
0.500732421875
0.507476806640625
0.51043701171875
0.51275634765625
0.508895874023438
0.505050659179688
0.50872802734375
0.507293701171875
0.509292602539062
0.510513305664062
0.511978149414062
0.51275634765625
0.506362915039062
0.512100219726562
0.50897216796875
0.503219604492188
0.503662109375
0.508285522460938
0.510223388671875
0.506301879882812
0.501449584960938
0.500473022460938
0.505355834960938
0.504714965820312
0.504440307617188
0.509780883789062
0.507598876953125
0.505661010742188
0.504684448242188
0.503997802734375
0.504440307617188
0.506088256835938
0.507797241210938
0.503936767578125
0.506134033203125
0.506576538085938
0.502212524414062
0.507080078125
0.502487182617188
0.500991821289062
0.503921508789062
0.508148193359375
0.507400512695312
0.504486083984375
0.504486083984375
0.509033203125
0.508590698242188
0.507308959960938
0.503219604492188
0.501510620117188
0.507339477539062
0.514312744140625
0.50994873046875
0.505126953125
0.504653930664062
0.510482788085938
0.492141723632812
0.461212158203125
0.501937866210938
0.542739868164062
0.492691040039062
0.5107421875
0.515518188476562
0.500015258789062
0.49786376953125
0.49542236328125
0.509201049804688
0.50518798828125
0.502227783203125
0.498443603515625
0.498886108398438
0.501861572265625
0.509170532226562
0.505661010742188
0.501251220703125
0.493972778320312
0.503173828125
0.497909545898438
0.503402709960938
0.505615234375
0.505386352539062
0.507553100585938
0.507400512695312
0.502334594726562
0.50189208984375
0.507125854492188
0.5023193359375
0.494049072265625
0.48895263671875
0.528457641601562
0.506637573242188
0.486785888671875
0.48004150390625
0.497940063476562
0.507614135742188
0.508316040039062
0.501968383789062
0.50341796875
0.503631591796875
0.511947631835938
0.510787963867188
0.505477905273438
0.503067016601562
0.499710083007812
0.498947143554688
0.502243041992188
0.496627807617188
0.498489379882812
0.501953125
0.501449584960938
0.506393432617188
0.501846313476562
0.49798583984375
0.501556396484375
0.4962158203125
0.49139404296875
0.500534057617188
0.497589111328125
0.501510620117188
0.5013427734375
0.504043579101562
0.4991455078125
0.500381469726562
0.500198364257812
0.4971923828125
0.49456787109375
0.496231079101562
0.499771118164062
0.498855590820312
0.500350952148438
0.499435424804688
0.500625610351562
0.49957275390625
0.4952392578125
0.495773315429688
0.499618530273438
0.501541137695312
0.498703002929688
0.497772216796875
0.495315551757812
0.504913330078125
0.50439453125
0.497879028320312
0.490966796875
0.498199462890625
0.49920654296875
0.49774169921875
0.497268676757812
0.501174926757812
0.499176025390625
0.4925537109375
0.497634887695312
0.501083374023438
0.506378173828125
0.495498657226562
0.48876953125
0.499908447265625
0.494674682617188
0.461517333984375
0.487747192382812
0.529891967773438
0.4779052734375
0.495941162109375
0.49786376953125
0.494796752929688
0.486709594726562
0.4810791015625
0.498199462890625
0.499893188476562
0.498931884765625
0.495468139648438
0.495712280273438
0.499160766601562
0.49749755859375
0.49267578125
0.486160278320312
0.493377685546875
0.492385864257812
0.490646362304688
0.495925903320312
0.495208740234375
0.484451293945312
0.496139526367188
0.495391845703125
0.496078491210938
0.496719360351562
0.491912841796875
0.499603271484375
0.495513916015625
0.483444213867188
0.475265502929688
0.512283325195312
0.50604248046875
0.478897094726562
0.479843139648438
0.497238159179688
0.493118286132812
0.49212646484375
0.49188232421875
0.491409301757812
0.493072509765625
0.494308471679688
0.493911743164062
0.494705200195312
0.496383666992188
0.493026733398438
0.494918823242188
0.49322509765625
0.490676879882812
0.48992919921875
0.491668701171875
0.4954833984375
0.491348266601562
0.491409301757812
0.491180419921875
0.489532470703125
0.48590087890625
0.487655639648438
0.4874267578125
0.4852294921875
0.491531372070312
0.49066162109375
0.494277954101562
0.498672485351562
0.486602783203125
0.491867065429688
0.488922119140625
0.486663818359375
0.492050170898438
0.495315551757812
0.489990234375
0.48736572265625
0.492904663085938
0.492156982421875
0.48602294921875
0.485824584960938
0.483932495117188
0.488998413085938
0.493423461914062
0.492218017578125
0.494842529296875
0.494796752929688
0.493377685546875
0.487579345703125
0.483474731445312
0.485427856445312
0.492263793945312
0.49176025390625
0.49395751953125
0.495040893554688
0.488555908203125
0.485397338867188
0.484390258789062
0.488800048828125
0.48638916015625
0.48760986328125
0.489791870117188
0.489822387695312
0.488800048828125
0.497116088867188
0.486862182617188
0.482208251953125
0.481735229492188
0.484954833984375
0.495361328125
0.499908447265625
0.494400024414062
0.48687744140625
0.491226196289062
0.470947265625
0.465347290039062
0.494827270507812
0.5013427734375
0.471893310546875
0.496337890625
0.4854736328125
0.487716674804688
0.478439331054688
0.478622436523438
0.495513916015625
0.494781494140625
0.496963500976562
0.495254516601562
0.493896484375
0.493408203125
0.491043090820312
0.481613159179688
0.482086181640625
0.485687255859375
0.493896484375
0.491455078125
0.490631103515625
0.48828125
0.492385864257812
0.483016967773438
0.487838745117188
0.490814208984375
0.49005126953125
0.493423461914062
0.495864868164062
0.496337890625
0.488372802734375
0.479827880859375
0.500900268554688
0.484451293945312
0.487136840820312
0.4793701171875
0.491470336914062
0.489334106445312
0.493087768554688
0.488006591796875
0.488754272460938
0.49310302734375
0.495803833007812
0.489532470703125
0.491531372070312
0.490814208984375
0.495849609375
0.493667602539062
0.495849609375
0.488311767578125
0.4853515625
0.482147216796875
0.484848022460938
0.484466552734375
0.48907470703125
0.492416381835938
0.494384765625
0.489990234375
0.490234375
0.486892700195312
0.486129760742188
0.484481811523438
0.485244750976562
0.4869384765625
0.490066528320312
0.490264892578125
0.489517211914062
0.48638916015625
0.486099243164062
0.486846923828125
0.490280151367188
0.490982055664062
0.486907958984375
0.486434936523438
0.490997314453125
0.490020751953125
0.48828125
0.485382080078125
0.486602783203125
0.48974609375
0.489791870117188
0.486404418945312
0.487350463867188
0.4893798828125
0.491729736328125
0.48248291015625
0.487823486328125
0.493927001953125
0.491287231445312
0.485183715820312
0.488601684570312
0.4912109375
0.498748779296875
0.4866943359375
0.48370361328125
0.488296508789062
0.491744995117188
0.486373901367188
0.483123779296875
0.487579345703125
0.490493774414062
0.506317138671875
0.502517700195312
0.48126220703125
0.488006591796875
0.4815673828125
0.453048706054688
0.483749389648438
0.518753051757812
0.479110717773438
0.497039794921875
0.489334106445312
0.48712158203125
0.483963012695312
0.47747802734375
0.494400024414062
0.49212646484375
0.487960815429688
0.492340087890625
0.496505737304688
0.495040893554688
0.48681640625
0.478927612304688
0.486984252929688
0.482376098632812
0.479583740234375
0.480270385742188
0.489303588867188
0.49481201171875
0.489715576171875
0.489273071289062
0.487594604492188
0.486404418945312
0.48980712890625
0.490997314453125
0.491500854492188
0.501922607421875
0.487579345703125
0.477584838867188
0.51031494140625
0.494415283203125
0.476959228515625
0.47454833984375
0.49072265625
0.492645263671875
0.492828369140625
0.492202758789062
0.49285888671875
0.49365234375
0.49365234375
0.486907958984375
0.491256713867188
0.4951171875
0.491317749023438
0.49700927734375
0.49139404296875
0.485382080078125
0.486602783203125
0.49432373046875
0.489044189453125
0.485916137695312
0.489028930664062
0.493881225585938
0.48809814453125
0.493453979492188
0.486892700195312
0.492416381835938
0.49383544921875
0.48834228515625
0.490692138671875
0.49224853515625
0.486709594726562
0.48614501953125
0.48614501953125
0.494094848632812
0.49310302734375
0.491653442382812
0.487808227539062
0.48712158203125
0.489303588867188
0.489837646484375
0.482772827148438
0.490646362304688
0.490203857421875
0.489288330078125
0.489059448242188
0.4892578125
0.492919921875
0.490020751953125
0.487548828125
0.489013671875
0.487564086914062
0.48712158203125
0.488128662109375
0.495132446289062
0.492324829101562
0.499252319335938
0.50067138671875
0.49700927734375
0.489700317382812
0.491195678710938
0.493850708007812
0.491424560546875
0.498153686523438
0.4991455078125
0.488677978515625
0.500656127929688
0.500213623046875
0.46868896484375
0.481231689453125
0.518203735351562
0.483901977539062
0.493820190429688
0.494522094726562
0.492782592773438
0.487564086914062
0.483184814453125
0.494827270507812
0.503265380859375
0.49334716796875
0.501754760742188
0.496475219726562
0.4981689453125
0.495346069335938
0.496047973632812
0.492645263671875
0.488082885742188
0.485092163085938
0.489425659179688
0.4908447265625
0.4923095703125
0.492340087890625
0.49627685546875
0.494140625
0.499435424804688
0.500595092773438
0.494796752929688
0.496688842773438
0.491668701171875
0.479766845703125
0.493759155273438
0.513717651367188
0.497055053710938
0.479354858398438
0.483322143554688
0.500198364257812
0.500762939453125
0.493698120117188
0.501861572265625
0.496078491210938
0.498550415039062
0.505615234375
0.498458862304688
0.49725341796875
0.502670288085938
0.497329711914062
0.495346069335938
0.49884033203125
0.50103759765625
0.499542236328125
0.499496459960938
0.497329711914062
0.494781494140625
0.502227783203125
0.495529174804688
0.495285034179688
0.499359130859375
0.494705200195312
0.497116088867188
0.496963500976562
0.508087158203125
0.503753662109375
0.499267578125
0.498123168945312
0.497146606445312
0.493133544921875
0.497482299804688
0.49749755859375
0.4989013671875
0.498626708984375
0.498443603515625
0.501296997070312
0.499374389648438
0.492507934570312
0.497909545898438
0.499801635742188
0.503005981445312
0.4998779296875
0.5001220703125
0.498077392578125
0.49755859375
0.499862670898438
0.501007080078125
0.501998901367188
0.4981689453125
0.494522094726562
0.501373291015625
0.506881713867188
0.504409790039062
0.501739501953125
0.496414184570312
0.498153686523438
0.481552124023438
0.461151123046875
0.484817504882812
0.535919189453125
0.497039794921875
0.506622314453125
0.5142822265625
0.498825073242188
0.497177124023438
0.4915771484375
0.498580932617188
0.499588012695312
0.500808715820312
0.5018310546875
0.5018310546875
0.504745483398438
0.506683349609375
0.504852294921875
0.496505737304688
0.497406005859375
0.501251220703125
0.49761962890625
0.502670288085938
0.501922607421875
0.504348754882812
0.502853393554688
0.507675170898438
0.500961303710938
0.50091552734375
0.508804321289062
0.508316040039062
0.487518310546875
0.51190185546875
0.524078369140625
0.50054931640625
0.487014770507812
0.476211547851562
0.4976806640625
0.50494384765625
0.500503540039062
0.500503540039062
0.50347900390625
0.50994873046875
0.510467529296875
0.504486083984375
0.499160766601562
0.501571655273438
0.503311157226562
0.499908447265625
0.50469970703125
0.499588012695312
0.49859619140625
0.501693725585938
0.49957275390625
0.50201416015625
0.4996337890625
0.4993896484375
0.4986572265625
0.503463745117188
0.499160766601562
0.500625610351562
0.502777099609375
0.496475219726562
0.498504638671875
0.498260498046875
0.4998779296875
0.500411987304688
0.497451782226562
0.499893188476562
0.500564575195312
0.494766235351562
0.4959716796875
0.497940063476562
0.502593994140625
0.497238159179688
0.496978759765625
0.502059936523438
0.50128173828125
0.498138427734375
0.499176025390625
0.495025634765625
0.500396728515625
0.501312255859375
0.504928588867188
0.502532958984375
0.500381469726562
0.5067138671875
0.504287719726562
0.464797973632812
0.475875854492188
0.522598266601562
0.498748779296875
0.489486694335938
0.50537109375
0.500350952148438
0.49530029296875
0.494781494140625
0.497207641601562
0.500076293945312
0.4942626953125
0.5018310546875
0.4984130859375
0.49993896484375
0.501358032226562
0.505233764648438
0.496780395507812
0.489273071289062
0.494537353515625
0.495254516601562
0.492752075195312
0.502685546875
0.501998901367188
0.50079345703125
0.494537353515625
0.496261596679688
0.495635986328125
0.504852294921875
0.500961303710938
0.505996704101562
0.480972290039062
0.5146484375
0.508865356445312
0.493820190429688
0.482208251953125
0.485366821289062
0.502792358398438
0.502273559570312
0.4910888671875
0.502960205078125
0.507827758789062
0.502838134765625
0.497909545898438
0.498992919921875
0.500213623046875
0.501876831054688
0.489334106445312
0.496566772460938
0.4991455078125
0.4969482421875
0.499588012695312
0.492828369140625
0.4957275390625
0.502105712890625
0.49267578125
0.495040893554688
0.49359130859375
0.490982055664062
0.488616943359375
0.495834350585938
0.501388549804688
0.500656127929688
0.495071411132812
0.4931640625
0.492630004882812
0.49627685546875
0.49920654296875
0.49627685546875
0.494827270507812
0.490478515625
0.4921875
0.48785400390625
0.49365234375
0.488357543945312
0.49700927734375
0.497467041015625
0.494277954101562
0.49530029296875
0.500686645507812
0.497390747070312
0.494155883789062
0.492446899414062
0.49310302734375
0.49090576171875
0.493850708007812
0.50299072265625
0.4993896484375
0.495162963867188
0.493911743164062
0.480392456054688
0.465621948242188
0.487808227539062
0.5146484375
0.465164184570312
0.497238159179688
0.498199462890625
0.497177124023438
0.479354858398438
0.484405517578125
0.49505615234375
0.49383544921875
0.495315551757812
0.491897583007812
0.497970581054688
0.498489379882812
0.497314453125
0.493240356445312
0.488616943359375
0.487640380859375
0.485153198242188
0.488800048828125
0.495040893554688
0.496780395507812
0.4921875
0.48907470703125
0.490310668945312
0.490005493164062
0.494384765625
0.498992919921875
0.504287719726562
0.490753173828125
0.47186279296875
0.495330810546875
0.50335693359375
0.481369018554688
0.474227905273438
0.486831665039062
0.496505737304688
0.498245239257812
0.489013671875
0.493820190429688
0.496231079101562
0.493148803710938
0.494277954101562
0.494094848632812
0.489593505859375
0.485076904296875
0.490142822265625
0.493759155273438
0.49224853515625
0.489227294921875
0.486068725585938
0.484878540039062
0.491928100585938
0.490249633789062
0.483535766601562
0.486495971679688
0.4854736328125
0.486465454101562
0.491668701171875
0.486648559570312
0.490219116210938
0.484237670898438
0.481796264648438
0.490570068359375
0.492721557617188
0.490081787109375
0.48590087890625
0.48760986328125
0.482742309570312
0.490203857421875
0.488540649414062
0.48980712890625
0.49420166015625
0.49169921875
0.494903564453125
0.48858642578125
0.484161376953125
0.491409301757812
0.483642578125
0.485382080078125
0.484451293945312
0.487655639648438
0.492462158203125
0.492706298828125
0.493759155273438
0.493682861328125
0.492965698242188
0.492630004882812
0.488784790039062
0.48876953125
0.484664916992188
0.48736572265625
0.489837646484375
0.491714477539062
0.499237060546875
0.49078369140625
0.480117797851562
0.491989135742188
0.467117309570312
0.465682983398438
0.497314453125
0.511260986328125
0.464126586914062
0.49945068359375
0.487457275390625
0.496566772460938
0.475875854492188
0.472640991210938
0.490936279296875
0.485855102539062
0.4945068359375
0.490036010742188
0.4931640625
0.494216918945312
0.489608764648438
0.486984252929688
0.484527587890625
0.486892700195312
0.485122680664062
0.489944458007812
0.487045288085938
0.48974609375
0.49462890625
0.484512329101562
0.491317749023438
0.4881591796875
0.490264892578125
0.49346923828125
0.492965698242188
0.489578247070312
0.474075317382812
0.501861572265625
0.497100830078125
0.478713989257812
0.471725463867188
0.483474731445312
0.491241455078125
0.489334106445312
0.491409301757812
0.492218017578125
0.492645263671875
0.488006591796875
0.487380981445312
0.489105224609375
0.489364624023438
0.489547729492188
0.491043090820312
0.49658203125
0.493637084960938
0.491470336914062
0.487167358398438
0.488571166992188
0.48834228515625
0.482757568359375
0.485260009765625
0.48748779296875
0.491348266601562
0.491729736328125
0.490264892578125
0.484207153320312
0.483489990234375
0.482574462890625
0.487640380859375
0.48931884765625
0.4906005859375
0.48333740234375
0.491073608398438
0.486724853515625
0.485946655273438
0.48931884765625
0.489303588867188
0.4818115234375
0.482757568359375
0.4866943359375
0.487594604492188
0.489776611328125
0.49176025390625
0.487930297851562
0.485671997070312
0.491256713867188
0.492218017578125
0.4862060546875
0.487380981445312
0.490798950195312
0.494247436523438
0.491561889648438
0.484954833984375
0.482040405273438
0.484695434570312
0.492706298828125
0.492507934570312
0.485031127929688
0.489349365234375
0.4888916015625
0.4881591796875
0.493377685546875
0.493667602539062
0.4849853515625
0.486892700195312
0.492919921875
0.499191284179688
0.493667602539062
0.4808349609375
0.489837646484375
0.472244262695312
0.4617919921875
0.489349365234375
0.516876220703125
0.46563720703125
0.501419067382812
0.485488891601562
0.492935180664062
0.4736328125
0.483306884765625
0.489273071289062
0.49407958984375
0.496185302734375
0.489959716796875
0.49053955078125
0.487014770507812
0.482864379882812
0.479705810546875
0.480117797851562
0.48712158203125
0.485504150390625
0.490249633789062
0.490478515625
0.487579345703125
0.484176635742188
0.489151000976562
0.491058349609375
0.486190795898438
0.485214233398438
0.491790771484375
0.495147705078125
0.489639282226562
0.476272583007812
0.504989624023438
0.500473022460938
0.470504760742188
0.473876953125
0.487258911132812
0.496597290039062
0.48883056640625
0.48541259765625
0.488739013671875
0.49029541015625
0.488815307617188
0.492034912109375
0.492279052734375
0.487564086914062
0.491485595703125
0.49249267578125
0.495864868164062
0.48590087890625
0.484207153320312
0.4820556640625
0.486663818359375
0.4886474609375
0.483001708984375
0.482833862304688
0.484512329101562
0.4874267578125
0.489608764648438
0.489349365234375
0.486221313476562
0.481857299804688
0.486724853515625
0.487899780273438
0.481613159179688
0.4864501953125
0.488555908203125
0.484970092773438
0.488143920898438
0.486175537109375
0.481842041015625
0.4840087890625
0.489151000976562
0.484054565429688
0.485443115234375
0.48907470703125
0.4805908203125
0.481307983398438
0.483551025390625
0.487289428710938
0.489181518554688
0.481887817382812
0.484527587890625
0.48907470703125
0.486953735351562
0.489349365234375
0.49078369140625
0.4837646484375
0.48858642578125
0.487167358398438
0.488128662109375
0.489776611328125
0.488815307617188
0.48492431640625
0.4840087890625
0.48040771484375
0.482574462890625
0.487472534179688
0.4896240234375
0.4891357421875
0.492507934570312
0.494186401367188
0.479705810546875
0.483001708984375
0.4854736328125
0.457901000976562
0.478973388671875
0.512039184570312
0.481155395507812
0.482559204101562
0.493331909179688
0.4931640625
0.486404418945312
0.47552490234375
0.483047485351562
0.486923217773438
0.487823486328125
0.492889404296875
0.481552124023438
0.492218017578125
0.494461059570312
0.490585327148438
0.485061645507812
0.482101440429688
0.479202270507812
0.482070922851562
0.481048583984375
0.488540649414062
0.490234375
0.491226196289062
0.486190795898438
0.485198974609375
0.487335205078125
0.489288330078125
0.49267578125
0.491714477539062
0.477005004882812
0.487274169921875
0.503570556640625
0.486968994140625
0.472824096679688
0.479232788085938
0.493698120117188
0.495101928710938
0.485916137695312
0.490646362304688
0.485809326171875
0.488006591796875
0.489273071289062
0.489791870117188
0.4891357421875
0.49053955078125
0.494903564453125
0.499710083007812
0.492202758789062
0.488510131835938
0.490249633789062
0.484619140625
0.48773193359375
0.486114501953125
0.490478515625
0.490066528320312
0.489974975585938
0.490707397460938
0.48614501953125
0.48736572265625
0.487350463867188
0.492202758789062
0.488815307617188
0.487533569335938
0.485916137695312
0.491943359375
0.489059448242188
0.488784790039062
0.488052368164062
0.483535766601562
0.487594604492188
0.49114990234375
0.488327026367188
0.49285888671875
0.494064331054688
0.484405517578125
0.488067626953125
0.493423461914062
0.49224853515625
0.489334106445312
0.486557006835938
0.48431396484375
0.489227294921875
0.49139404296875
0.490707397460938
0.491180419921875
0.485885620117188
0.484420776367188
0.488784790039062
0.49066162109375
0.486297607421875
0.49359130859375
0.4979248046875
0.500595092773438
0.494140625
0.48980712890625
0.493331909179688
0.485595703125
0.45098876953125
0.481414794921875
0.522567749023438
0.48004150390625
0.489166259765625
0.499313354492188
0.494766235351562
0.48321533203125
0.481735229492188
0.48388671875
0.485061645507812
0.489517211914062
0.495574951171875
0.497268676757812
0.495132446289062
0.493438720703125
0.485183715820312
0.488204956054688
0.486648559570312
0.484786987304688
0.487762451171875
0.494247436523438
0.49859619140625
0.495697021484375
0.495208740234375
0.49383544921875
0.486358642578125
0.490768432617188
0.495361328125
0.504745483398438
0.488037109375
0.478561401367188
0.520660400390625
0.506927490234375
0.483261108398438
0.4744873046875
0.4879150390625
0.500076293945312
0.4986572265625
0.490890502929688
0.4873046875
0.493316650390625
0.50439453125
0.498199462890625
0.500198364257812
0.496597290039062
0.498428344726562
0.485855102539062
0.4906005859375
0.498870849609375
0.492721557617188
0.500228881835938
0.493682861328125
0.490081787109375
0.486968994140625
0.490921020507812
0.48828125
0.490966796875
0.495132446289062
0.498931884765625
0.496597290039062
0.496231079101562
0.493255615234375
0.490341186523438
0.49017333984375
0.493820190429688
0.496017456054688
0.497238159179688
0.494308471679688
0.495590209960938
0.490737915039062
0.490432739257812
0.494049072265625
0.493255615234375
0.494781494140625
0.497528076171875
0.499618530273438
0.502090454101562
0.489288330078125
0.492080688476562
0.495986938476562
0.497650146484375
0.491912841796875
0.502059936523438
0.5018310546875
0.499160766601562
0.505966186523438
0.507156372070312
0.491180419921875
0.4498291015625
0.478057861328125
0.532958984375
0.502517700195312
0.48077392578125
0.500320434570312
0.499099731445312
0.484893798828125
0.486846923828125
0.495849609375
0.4967041015625
0.493667602539062
0.500595092773438
0.498138427734375
0.4927978515625
0.494384765625
0.48956298828125
0.490020751953125
0.49237060546875
0.494033813476562
0.49658203125
0.497543334960938
0.495513916015625
0.498626708984375
0.496246337890625
0.4949951171875
0.497207641601562
0.495346069335938
0.498489379882812
0.499710083007812
0.486923217773438
0.486038208007812
0.5267333984375
0.506988525390625
0.48394775390625
0.4677734375
0.487533569335938
0.499603271484375
0.500595092773438
0.502044677734375
0.501953125
0.500091552734375
0.499832153320312
0.495040893554688
0.49853515625
0.497055053710938
0.50115966796875
0.489898681640625
0.494430541992188
0.49981689453125
0.491806030273438
0.496185302734375
0.493179321289062
0.494491577148438
0.491119384765625
0.495086669921875
0.49676513671875
0.494674682617188
0.483978271484375
0.493408203125
0.493911743164062
0.495529174804688
0.496307373046875
0.49578857421875
0.492385864257812
0.4959716796875
0.49169921875
0.493682861328125
0.494110107421875
0.4931640625
0.4969482421875
0.4971923828125
0.48779296875
0.492919921875
0.489791870117188
0.48956298828125
0.492355346679688
0.489501953125
0.49200439453125
0.499038696289062
0.504852294921875
0.497512817382812
0.50225830078125
0.505203247070312
0.491470336914062
0.4508056640625
0.479782104492188
0.531356811523438
0.486679077148438
0.488937377929688
0.503524780273438
0.49334716796875
0.483474731445312
0.485626220703125
0.49066162109375
0.493118286132812
0.492111206054688
0.493606567382812
0.493560791015625
0.493438720703125
0.492050170898438
0.495437622070312
0.495864868164062
0.495071411132812
0.494522094726562
0.491287231445312
0.495361328125
0.496902465820312
0.497207641601562
0.496017456054688
0.499221801757812
0.492279052734375
0.492202758789062
0.495864868164062
0.503616333007812
0.488357543945312
0.473251342773438
0.523574829101562
0.502670288085938
0.4798583984375
0.462265014648438
0.488555908203125
0.499313354492188
0.495864868164062
0.492279052734375
0.495635986328125
0.499374389648438
0.49609375
0.49615478515625
0.495254516601562
0.49468994140625
0.487380981445312
0.490890502929688
0.493804931640625
0.490005493164062
0.488845825195312
0.490005493164062
0.485931396484375
0.487808227539062
0.49066162109375
0.490997314453125
0.486648559570312
0.483505249023438
0.49420166015625
0.490768432617188
0.493896484375
0.494171142578125
0.495101928710938
0.490737915039062
0.491744995117188
0.490249633789062
0.48760986328125
0.48760986328125
0.49359130859375
0.484710693359375
0.48785400390625
0.489913940429688
0.488800048828125
0.490020751953125
0.493637084960938
0.489547729492188
0.490997314453125
0.485397338867188
0.487594604492188
0.491775512695312
0.495681762695312
0.49053955078125
0.492431640625
0.486099243164062
0.486648559570312
0.4864501953125
0.489791870117188
0.48785400390625
0.488845825195312
0.489089965820312
0.489608764648438
0.497772216796875
0.496337890625
0.484512329101562
0.490753173828125
0.490753173828125
0.455718994140625
0.472015380859375
0.50982666015625
0.484451293945312
0.48297119140625
0.491897583007812
0.490447998046875
0.471389770507812
0.470703125
0.482589721679688
0.49078369140625
0.485198974609375
0.485198974609375
0.494766235351562
0.492462158203125
0.483856201171875
0.48236083984375
0.478240966796875
0.478713989257812
0.4869384765625
0.472183227539062
0.490036010742188
0.487380981445312
0.48583984375
0.488128662109375
0.4774169921875
0.486648559570312
0.485733032226562
0.486175537109375
0.490646362304688
0.488815307617188
0.482574462890625
0.47113037109375
0.499786376953125
0.4962158203125
0.46832275390625
0.470748901367188
0.484283447265625
0.4913330078125
0.472320556640625
0.477859497070312
0.489944458007812
0.483062744140625
0.486297607421875
0.491806030273438
0.483062744140625
0.487152099609375
0.487655639648438
0.484298706054688
0.4837646484375
0.479827880859375
0.468536376953125
0.495147705078125
0.484878540039062
0.477249145507812
0.4808349609375
0.483963012695312
0.481613159179688
0.480682373046875
0.477035522460938
0.480575561523438
0.476821899414062
0.479766845703125
0.47821044921875