0.173141479492188
0.172103881835938
0.174362182617188
0.169662475585938
0.171310424804688
0.169647216796875
0.1746826171875
0.168746948242188
0.170608520507812
0.165176391601562
0.167648315429688
0.169647216796875
0.173309326171875
0.176498413085938
0.175704956054688
0.178970336914062
0.174606323242188
0.170989990234375
0.1739501953125
0.1705322265625
0.167953491210938
0.175308227539062
0.173110961914062
0.171005249023438
0.174301147460938
0.171859741210938
0.174118041992188
0.170883178710938
0.172515869140625
0.176361083984375
0.170623779296875
0.172882080078125
0.17962646484375
0.181427001953125
0.174835205078125
0.171127319335938
0.171890258789062
0.176681518554688
0.176528930664062
0.160858154296875
0.164657592773438
0.176498413085938
0.181961059570312
0.171859741210938
0.171661376953125
0.177139282226562
0.17779541015625
0.17034912109375
0.168533325195312
0.172073364257812
0.17449951171875
0.171493530273438
0.174346923828125
0.178024291992188
0.169143676757812
0.170913696289062
0.177017211914062
0.179550170898438
0.181259155273438
0.173126220703125
0.1695556640625
0.177322387695312
0.161453247070312
0.161865234375
0.19073486328125
0.200531005859375
0.157150268554688
0.163864135742188
0.184280395507812
0.18218994140625
0.16259765625
0.156463623046875
0.171844482421875
0.180679321289062
0.176986694335938
0.175094604492188
0.17822265625
0.18060302734375
0.176284790039062
0.171066284179688
0.170822143554688
0.166366577148438
0.170120239257812
0.172576904296875
0.175277709960938
0.1802978515625
0.180953979492188
0.178726196289062
0.17694091796875
0.177474975585938
0.176528930664062
0.169876098632812
0.1734619140625
0.176055908203125
0.174911499023438
0.17816162109375
0.17510986328125
0.176040649414062
0.170135498046875
0.171295166015625
0.1795654296875
0.170089721679688
0.169265747070312
0.174850463867188
0.18133544921875
0.173248291015625
0.17529296875
0.171096801757812
0.171554565429688
0.177581787109375
0.174560546875
0.1759033203125
0.176498413085938
0.177032470703125
0.172210693359375
0.171722412109375
0.170745849609375
0.175186157226562
0.17523193359375
0.173690795898438
0.174026489257812
0.177566528320312
0.177154541015625
0.177261352539062
0.168624877929688
0.1712646484375
0.179901123046875
0.179244995117188
0.167755126953125
0.167404174804688
0.174331665039062
0.175338745117188
0.1766357421875
0.182327270507812
0.182449340820312
0.175933837890625
0.171966552734375
0.172836303710938
0.178817749023438
0.177154541015625
0.179183959960938
0.173233032226562
0.175140380859375
0.174407958984375
0.174560546875
0.1759033203125
0.181488037109375
0.178466796875
0.177001953125
0.182769775390625
0.176193237304688
0.181625366210938
0.174667358398438
0.175567626953125
0.178009033203125
0.178009033203125
0.179183959960938
0.179931640625
0.176040649414062
0.17279052734375
0.178115844726562
0.177139282226562
0.172607421875
0.178298950195312
0.178024291992188
0.175155639648438
0.173797607421875
0.180435180664062
0.180023193359375
0.180511474609375
0.18133544921875
0.18170166015625
0.176956176757812
0.169509887695312
0.173568725585938
0.175872802734375
0.175125122070312
0.175750732421875
0.17633056640625
0.172103881835938
0.173843383789062
0.176361083984375
0.179931640625
0.182998657226562
0.18731689453125
0.184783935546875
0.173599243164062
0.1689453125
0.171463012695312
0.154708862304688
0.164199829101562
0.19293212890625
0.189132690429688
0.159500122070312
0.172821044921875
0.189804077148438
0.185806274414062
0.168197631835938
0.159820556640625
0.16876220703125
0.172286987304688
0.17559814453125
0.1839599609375
0.183197021484375
0.18023681640625
0.177719116210938
0.175689697265625
0.172622680664062
0.170516967773438
0.171432495117188
0.172012329101562
0.173553466796875
0.173370361328125
0.179916381835938
0.179718017578125
0.179367065429688
0.177017211914062
0.17230224609375
0.172866821289062
0.175003051757812
0.17327880859375
0.1719970703125
0.177810668945312
0.173629760742188
0.176971435546875
0.170730590820312
0.169525146484375
0.173629760742188
0.169540405273438
0.160552978515625
0.171005249023438
0.177932739257812
0.168609619140625
0.171142578125
0.1754150390625
0.173263549804688
0.172622680664062
0.179611206054688
0.177352905273438
0.16912841796875
0.168701171875
0.169113159179688
0.175277709960938
0.179351806640625
0.174850463867188
0.1710205078125
0.17230224609375
0.168243408203125
0.163406372070312
0.169998168945312
0.1737060546875
0.171585083007812
0.174057006835938
0.172531127929688
0.17120361328125
0.17108154296875
0.1705322265625
0.1708984375
0.172348022460938
0.17181396484375
0.171905517578125
0.173858642578125
0.175033569335938
0.1719970703125
0.169143676757812
0.164337158203125
0.168167114257812
0.17254638671875
0.176498413085938
0.174896240234375
0.1739501953125
0.172714233398438
0.173110961914062
0.170211791992188
0.168365478515625
0.16986083984375
0.17010498046875
0.172378540039062
0.172149658203125
0.17529296875