0.34503173828125
0.352584838867188
0.346694946289062
0.342498779296875
0.354400634765625
0.346588134765625
0.33245849609375
0.342788696289062
0.359420776367188
0.338516235351562
0.326629638671875
0.340927124023438
0.344161987304688
0.357772827148438
0.3533935546875
0.34967041015625
0.34576416015625
0.347900390625
0.352752685546875
0.341720581054688
0.340240478515625
0.341201782226562
0.349868774414062
0.353836059570312
0.349472045898438
0.349960327148438
0.341842651367188
0.333648681640625
0.341461181640625
0.3406982421875
0.346908569335938
0.349517822265625
0.348480224609375
0.341293334960938
0.34417724609375
0.346176147460938
0.338775634765625
0.339096069335938
0.345794677734375
0.346908569335938
0.341812133789062
0.34906005859375
0.346878051757812
0.34600830078125
0.350311279296875
0.342758178710938
0.338958740234375
0.338226318359375
0.343582153320312
0.341598510742188
0.339828491210938
0.353408813476562
0.348663330078125
0.341064453125
0.34765625
0.35101318359375
0.342605590820312
0.339019775390625
0.339462280273438
0.337509155273438
0.340835571289062
0.34698486328125
0.34613037109375
0.34014892578125
0.3436279296875
0.347976684570312
0.348114013671875
0.34832763671875
0.344741821289062
0.34228515625
0.336090087890625
0.335372924804688
0.3370361328125
0.346405029296875
0.348861694335938
0.35028076171875
0.349395751953125
0.351760864257812
0.351959228515625
0.301528930664062
0.321487426757812
0.354156494140625
0.34417724609375
0.324615478515625
0.366104125976562
0.335952758789062
0.35748291015625
0.331680297851562
0.333404541015625
0.336044311523438
0.343536376953125
0.350738525390625
0.357696533203125
0.353851318359375
0.352264404296875
0.3525390625
0.3416748046875
0.324722290039062
0.327667236328125
0.341827392578125
0.34136962890625
0.34375
0.350479125976562
0.350204467773438
0.339935302734375
0.34625244140625
0.348922729492188
0.35321044921875
0.34716796875
0.344924926757812
0.329727172851562
0.35467529296875
0.35546875
0.331939697265625
0.330047607421875
0.333648681640625
0.336776733398438
0.348114013671875
0.3526611328125
0.3533935546875
0.351715087890625
0.350234985351562
0.348846435546875
0.343093872070312
0.337570190429688
0.33660888671875
0.344314575195312
0.349365234375
0.344512939453125
0.350738525390625
0.34539794921875
0.344650268554688
0.342239379882812
0.332595825195312
0.34234619140625
0.345977783203125
0.342788696289062
0.347747802734375
0.340606689453125
0.339431762695312
0.339981079101562
0.340713500976562
0.337051391601562
0.342315673828125
0.337005615234375
0.340362548828125
0.344512939453125
0.343292236328125
0.342864990234375
0.344985961914062
0.34130859375
0.337753295898438
0.33990478515625
0.3431396484375
0.348434448242188
0.33795166015625
0.332260131835938
0.34454345703125
0.345230102539062
0.339370727539062
0.344284057617188
0.350570678710938
0.347152709960938
0.335494995117188
0.339630126953125
0.349838256835938
0.353713989257812
0.334808349609375
0.343841552734375
0.332000732421875
0.340042114257812
0.341644287109375
0.340164184570312
0.342544555664062
0.34161376953125
0.34619140625
0.34356689453125
0.343338012695312
0.34503173828125
0.299560546875
0.324920654296875
0.360687255859375
0.34552001953125
0.325592041015625
0.363082885742188
0.338287353515625
0.347854614257812
0.33245849609375
0.327468872070312
0.337677001953125
0.339004516601562
0.346710205078125
0.350051879882812
0.352706909179688
0.344039916992188
0.34478759765625
0.33465576171875
0.333831787109375
0.3358154296875
0.326690673828125
0.340957641601562
0.35125732421875
0.347488403320312
0.347427368164062
0.340850830078125
0.340194702148438
0.343124389648438
0.346511840820312
0.34228515625
0.332687377929688
0.344940185546875
0.36212158203125
0.341751098632812
0.333023071289062
0.330734252929688
0.34210205078125
0.342361450195312
0.341522216796875
0.348281860351562
0.34521484375
0.34698486328125
0.345550537109375
0.349822998046875
0.33563232421875
0.333724975585938
0.340621948242188
0.3419189453125
0.344711303710938
0.345428466796875
0.34228515625
0.337249755859375
0.338470458984375
0.335128784179688
0.339279174804688
0.340255737304688
0.347991943359375
0.347015380859375
0.340408325195312
0.343963623046875
0.341140747070312
0.338211059570312
0.337539672851562
0.331756591796875
0.3375244140625
0.332672119140625
0.33758544921875
0.337066650390625
0.342620849609375
0.344985961914062
0.34332275390625
0.343795776367188
0.3377685546875
0.339630126953125
0.33880615234375
0.337554931640625
0.34527587890625
0.34112548828125
0.338943481445312
0.343856811523438
0.340255737304688
0.337265014648438
0.342086791992188
0.347702026367188
0.345428466796875
0.34210205078125
0.338241577148438
0.33709716796875
0.340316772460938
0.340789794921875
0.339447021484375
0.337692260742188
0.340866088867188
0.342575073242188
0.357269287109375
0.343551635742188
0.349472045898438
0.287826538085938
0.285202026367188
0.369796752929688
0.38995361328125