0.389083862304688
0.376754760742188
0.372024536132812
0.39703369140625
0.385452270507812
0.37359619140625
0.372100830078125
0.382461547851562
0.389984130859375
0.385360717773438
0.388534545898438
0.392333984375
0.395187377929688
0.386367797851562
0.387603759765625
0.38873291015625
0.3822021484375
0.375656127929688
0.379837036132812
0.380538940429688
0.387130737304688
0.38592529296875
0.3848876953125
0.381515502929688
0.378463745117188
0.372589111328125
0.374008178710938
0.376861572265625
0.39190673828125
0.3936767578125
0.39154052734375
0.387435913085938
0.381805419921875
0.383499145507812
0.380569458007812
0.381011962890625
0.385162353515625
0.382064819335938
0.381805419921875
0.382583618164062
0.38623046875
0.39044189453125
0.387847900390625
0.383895874023438
0.37933349609375
0.383956909179688
0.378387451171875
0.384262084960938
0.385498046875
0.385955810546875
0.3863525390625
0.381088256835938
0.387039184570312
0.393600463867188
0.385391235351562
0.39068603515625
0.387466430664062
0.382308959960938
0.376007080078125
0.380828857421875
0.38037109375
0.386581420898438
0.384628295898438
0.38427734375
0.377975463867188
0.395904541015625
0.392227172851562
0.360092163085938
0.366256713867188
0.405746459960938
0.396774291992188
0.371871948242188
0.393875122070312
0.38189697265625
0.376480102539062
0.381820678710938
0.388412475585938
0.394851684570312
0.38873291015625
0.387252807617188
0.389236450195312
0.391006469726562
0.393936157226562
0.386001586914062
0.384994506835938
0.384475708007812
0.381851196289062
0.38055419921875
0.382537841796875
0.379165649414062
0.378890991210938
0.383026123046875
0.383071899414062
0.392013549804688
0.391769409179688
0.395095825195312
0.394760131835938
0.381454467773438
0.384323120117188
0.397491455078125
0.3814697265625
0.38128662109375
0.373733520507812
0.37457275390625
0.3831787109375
0.395004272460938
0.39129638671875
0.38995361328125
0.397750854492188
0.393844604492188
0.386932373046875
0.38507080078125
0.381988525390625
0.386459350585938
0.391433715820312
0.384185791015625
0.380477905273438
0.380752563476562
0.384735107421875
0.383056640625
0.385223388671875
0.384506225585938
0.384170532226562
0.385406494140625
0.390838623046875
0.384735107421875
0.38714599609375
0.385955810546875
0.3856201171875
0.385147094726562
0.3829345703125
0.385162353515625
0.382583618164062
0.384979248046875
0.385421752929688
0.388336181640625
0.382568359375
0.382308959960938
0.383010864257812
0.383941650390625
0.38800048828125
0.384445190429688
0.388137817382812
0.387603759765625
0.384506225585938
0.383758544921875
0.377853393554688
0.377426147460938
0.379562377929688
0.381561279296875
0.382492065429688
0.383514404296875
0.38018798828125
0.390609741210938
0.3892822265625
0.388992309570312
0.391876220703125
0.37042236328125
0.35321044921875
0.381546020507812
0.409683227539062
0.375579833984375
0.381683349609375
0.3912353515625
0.373199462890625
0.379486083984375
0.385452270507812
0.38104248046875
0.382186889648438
0.386505126953125
0.389068603515625
0.385284423828125
0.385772705078125
0.383621215820312
0.382095336914062
0.383026123046875
0.378631591796875
0.378875732421875
0.376922607421875
0.3779296875
0.38421630859375
0.387161254882812
0.382034301757812
0.384963989257812
0.38983154296875
0.383865356445312
0.377517700195312
0.378005981445312
0.37548828125
0.400604248046875
0.392440795898438
0.375808715820312
0.37579345703125
0.3651123046875
0.37725830078125
0.39105224609375
0.385787963867188
0.384567260742188
0.39019775390625
0.385391235351562
0.383514404296875
0.386474609375
0.385040283203125
0.378326416015625
0.3857421875
0.385452270507812
0.38055419921875
0.37884521484375
0.381072998046875
0.380081176757812
0.382980346679688
0.388290405273438
0.381912231445312
0.383468627929688
0.376480102539062
0.377227783203125
0.379714965820312
0.372970581054688
0.376693725585938
0.379638671875
0.381759643554688
0.384674072265625
0.38519287109375
0.381607055664062
0.378189086914062
0.383346557617188
0.379440307617188
0.379425048828125
0.378631591796875
0.381744384765625
0.38128662109375
0.384185791015625
0.382781982421875
0.384201049804688
0.382476806640625
0.384933471679688
0.38250732421875
0.384323120117188
0.38446044921875
0.379104614257812
0.37933349609375
0.385635375976562
0.3856201171875
0.383575439453125
0.37591552734375
0.378631591796875
0.38043212890625
0.380157470703125
0.39007568359375
0.38348388671875
0.346664428710938
0.348373413085938
0.394622802734375
0.408935546875
0.370925903320312
0.391204833984375
0.380615234375
0.372879028320312
0.37213134765625
0.372848510742188
0.382476806640625
0.388809204101562
0.381744384765625
0.389755249023438
0.38836669921875
0.3858642578125
0.382308959960938
0.378250122070312
0.379043579101562
0.384292602539062
0.377151489257812
0.372451782226562
0.38165283203125
0.382156372070312
0.383132934570312
0.384872436523438
0.3798828125
0.380889892578125
0.386016845703125
0.386993408203125