0.002351647708565
0.00239867949858308
0.00121370889246464
0.000909494701772928
7.54371285438538e-05
0.000370668713003397
5.30877150595188e-05
0.00430010491982102
0.0190979242324829
0.0133775384165347
0.000355953816324472
0.00540057430043817
0.00694424146786332
1.23167410492897e-06
0.00200078124180436
0.0194462481886148
0.0218726345337927
0.00315461307764053
1.02678313851357e-06
1.41654163599014e-05
0.000412671361118555
0.00105455750599504
0.00133423367515206
0.000600852072238922
0.000518709421157837
0.000950696412473917
0.000561310444027185
0.000730156898498535
0.000615129247307777
0.000840986613184214
0.00142381526529789
0.00146415317431092
0.00227276235818863
0.00499706948176026
0.00324743101373315
0.000164741650223732
0.00050343805924058
0.0006103515625
0.00234697014093399
0.0033807591535151
0.00305780209600925
0.00284806825220585
0.00169807113707066
0.00130618223920465
0.000225196126848459
9.03592444956303e-05
0.000119975302368402
1.57393515110016e-06
9.31322574615479e-05
0.000110650435090065
0.000327418092638254
0.000458993017673492
0.000164741650223732
0.000193119049072266
0.000267571303993464
0.000661446247249842
0.00124756246805191
0.00106398016214371
0.00155411893501878
0.00182358780875802
0.000813233200460672
0.000262856483459473
1.8442515283823e-05
7.79726542532444e-05
0.000365115702152252
0.000835398677736521
0.000706876162439585
0.000293424818664789
0.000250488519668579
0.000301748514175415
0.000598488841205835
0.000596130266785622
0.000149032566696405
0.000412671361118555
0.000463137403130531
0.00082982936874032
0.000269152224063873
0.00034690834581852
0.000310188625007868
0.000150213018059731
0.00020262086763978
0.000501275062561035
0.000189116690307856
0.00016350531950593
0.000488394871354103
0.000242909882217646
0.000334440264850855
0.000832611694931984
0.000968633685261011
0.00110208988189697
0.00038948142901063
0.000170993153005838
0.000352321658283472
0.000646638218313456
0.000666419509798288
0.00154651934280992
0.00107344472780824
0.00124075450003147
0.000900784507393837
0.000874905381351709
0.000278735533356667
0.000444634351879358
0.000452811364084482
0.0016428530216217
0.0165485683828592
0.0112178386189044
0.00021517276763916
0.00404455699026585
0.00706539489328861
0.000717176590114832
0.000518709421157837
0.0137484166771173
0.0216590706259012
0.0035800039768219
0.000440573785454035
0.000622330699115992
1.27498060464859e-05
0.000277126673609018
0.000329166650772095
0.000150213018059731
0.000269152224063873
0.000278735533356667
0.000422531738877296
2.86870636045933e-05
0.000278735533356667
0.000222309026867151
0.000438550487160683
0.000444634351879358
0.000772476196289062
0.00155792571604252
0.00147154787555337
9.03592444956303e-05
0.000454867258667946
0.000339755788445473
0.00218167901039124
0.00258655287325382
0.0013554678298533
0.00111816683784127
0.0011902884580195
0.00118363881483674
0.000448713544756174
0.000218013301491737
0.000424517784267664
1.34110450744629e-06
0.000104643404483795
0.000191780272871256
8.94442200660706e-05
0.000298405066132545
0.000306798610836267
0.000281967222690582
0.000589082483202219
0.00132367946207523
0.000869205687195063
0.000857862178236246
0.00131316715851426
0.000600852072238922
0.000895000994205475
0.000288486480712891
0.000132995191961527
0.000430503860116005
0.000874905381351709
0.00152760185301304
0.00153893837705255
0.00100807286798954
0.00238923588767648
0.00180714065209031
0.00103583792224526
0.000270737800747156
0.000150213018059731
0.000225196126848459
0.0006319978274405
0.000799531117081642
0.00102654099464417
0.00105455750599504
0.000322200357913971
0.000262856483459473
0.00028359005227685
0.000764450524002314
0.00125097343698144
0.000529757235199213
0.000241408124566078
0.000181237701326609
0.000355953816324472
0.00063442625105381
0.00147154787555337
0.000941790640354156
0.00038948142901063
0.000393299851566553
0.000195810571312904
0.000438550487160683
0.000402927398681641
0.000473579857498407
0.00123396515846252
0.00185254961252213
0.00126466387882829
0.000815987586975098
7.62776471674442e-05
0.000852218363434076
0.000849403440952301
0.00987081089988351
0.0200702250003815
0.00239867949858308
0.0013661477714777
0.00602770829573274
0.000941790640354156
2.69152224063873e-06
0.00302586704492569
0.0193119049072266
0.0147153530269861
0.000722354743629694
0.00142017612233758
0.00117369927465916
0.00012858072295785
0.000154981389641762
0.000505605712532997
0.000699199736118317
0.000317024532705545
0.00029674032703042
0.000336207449436188
5.66616654396057e-05
5.03123737871647e-05
0.000357776880264282
0.000696650240570307
0.00128880143165588
0.00211015343666077
0.00215471722185612
0.000656491611152887
0.00155792571604252
0.000154981389641762
0.000649094581604004
0.0016155862249434
0.00323644140735269
0.00155031681060791
0.0015200674533844
0.000921173486858606
8.67270864546299e-05
9.5367431640625e-06
8.94442200660706e-05
0.000126401428133249
3.18721868097782e-05
1.4530960470438e-05
6.3388142734766e-05
0.000145519152283669
0.000258183572441339
9.68948006629944e-05
0.000101702753454447
0.000247443094849586
0.000270737800747156
0.000469388905912638
0.000785945449024439
0.000704312697052956
0.000186471734195948
9.40659083425999e-05
1.12690031528473e-06
4.24333848059177e-05
6.49341382086277e-05
3.87453474104404e-05
8.05500894784927e-05
5.52181154489517e-05
2.3283064365387e-05
3.24193388223648e-05
0.000131884589791298
0.000213759485632181
0.000225196126848459
0.000463137403130531
0.000117870513349771
0.000108629465103149
0.000115784350782633
1.07660889625549e-05
2.19070352613926e-05
0.000258183572441339
0.0002459273673594
8.22916626930237e-05
0.000131884589791298
2.97301448881626e-05
2.38418579101562e-06
8.85338522493839e-05
6.88806176185608e-05
9.59471799433231e-05
1.30967237055302e-05
1.38045288622379e-05
6.72880560159683e-07
5.59375621378422e-05
0.000112690031528473
3.54135408997536e-06
2.01375223696232e-05
3.35276126861572e-07
1.24075450003147e-05
0.000252018216997385
0.000543168280273676
0.00038190046325326
2.09547579288483e-06
7.56466761231422e-06
0.000109637621790171
0.00225439667701721
0.0028019049204886
3.13296914100647e-05
0.00613305950537324
0.0160068366676569
0.000325674191117287
0.00492908293381333
0.00988040119409561
0.00328051159158349
1.88592821359634e-05
0.00250378856435418
0.0192315224558115
0.012231208384037
3.4654513001442e-05
0.00382662750780582
0.00283777713775635
0.000186471734195948
0.000139756593853235
1.95810571312904e-06
0.000236930791288614
2.76626087725163e-05
0.000102678313851357
0.000178648624569178
4.56348061561584e-05
3.72529029846191e-06
4.43402677774429e-05
6.78934156894684e-06
5.14322891831398e-06
2.86870636045933e-05
0.000264423433691263
1.76229514181614e-05
0.00211902894079685
0.0012784288264811
1.49011611938477e-05
0.00049481401219964
0.00046521658077836
0.000226646661758423
0.000132995191961527
5.82076609134674e-08
1.14087015390396e-05
2.66567803919315e-05
0.000134110450744629
0.000112690031528473
0.000248963478952646
0.000273922923952341
0.000143200159072876
0.000212350860238075
0.000330919865518808
2.37510539591312e-05
7.56466761231422e-06
3.40887345373631e-05
0.000102678313851357
1.97067856788635e-05
0.000125318765640259
0.000142047647386789
1.04517675936222e-05
2.61608511209488e-05
3.91388311982155e-06
0.000161046627908945
0.000368813052773476
0.00012858072295785
0.0002459273673594
0.000572800636291504
8.58306884765625e-05
5.16907311975956e-05
0.00036327401176095
0.000273922923952341
0.000153782311826944
1.56555324792862e-05
0.000119975302368402
0.000301748514175415
1.52760185301304e-05
3.36207449436188e-06
0.000105632934719324
2.3283064365387e-05
6.72880560159683e-05
0.000152587890625
0.000450760126113892
0.000575112644582987
0.000399062409996986
1.72201544046402e-05
2.23610550165176e-05
2.8521753847599e-06
0.000129677355289459
0.000267571303993464
9.59471799433231e-05
0.000308491289615631
0.000691565219312906
0.000740624964237213
0.000387579202651978
7.62776471674442e-05
4.43402677774429e-05
7.88271427154541e-05
0.000144357327371836
7.88271427154541e-05
0.000615129247307777
0.00237510539591312
0.00329711474478245
3.35276126861572e-05
0.00511371530592442
0.0087177031673491
0.000426508486270905
0.00734388828277588
0.00731084495782852
0.00174209708347917
0.00151255168020725
0.0006319978274405
0.0190312997438014
0.0107325823046267
0.000194462481886148
0.00484811374917626
0.00455696368589997
0.000586742535233498
0.000329166650772095
0.000129677355289459
0.000428503844887018
0.000250488519668579
6.05592504143715e-06
2.09547579288483e-08
0.000315308570861816
0.000232495367527008
1.07660889625549e-05
9.78470779955387e-05
0.000179940834641457
2.38418579101562e-06
4.62890602648258e-05
2.23750248551369e-06
0.00246530631557107
0.00198785215616226
3.36207449436188e-06
0.000915324781090021
0.00104829901829362
0.000325674191117287
7.62776471674442e-05
5.8123841881752e-05
0.000794082880020142
0.000681451056152582
0.000262856483459473
3.69641929864883e-05
0.000334440264850855
0.000206762924790382
0.000195810571312904
7.88271427154541e-05
0.000430503860116005
0.000849403440952301
0.000378137920051813
9.03592444956303e-05
2.8521753847599e-06
6.05592504143715e-06
5.8123841881752e-05
0.000252018216997385
0.000139756593853235
5.16907311975956e-05
8.85338522493839e-05
4.62890602648258e-05
0.000135230366140604
4.43402677774429e-05
8.14185477793217e-05
2.51829624176025e-05
2.09547579288483e-06
0.000198520720005035
3.52249480783939e-05
0.000108629465103149
0.000149032566696405
2.28197313845158e-05
2.81725078821182e-05
9.31322574615479e-09
1.8442515283823e-05
6.49341382086277e-05
0.00029674032703042
0.00100195407867432
0.000738000962883234
0.000306798610836267
5.59375621378422e-05
6.29574060440063e-06
1.10850669443607e-05
0.000127488747239113
0.000107625965029001
0.000157393515110016
8.58306884765625e-05
0.000167228281497955
3.69641929864883e-05
8.38190317153931e-08
0.000223750248551369
1.57393515110016e-06
0.000176078174263239
0.000992810819298029
0.00117369927465916
0.00139483250677586
0.000104643404483795
0.000469388905912638
4.24333848059177e-05
8.38190317153931e-08
0.000775160733610392
0.0056443945504725
0.00230045057833195
0.000516513828188181
0.0114128831773996
0.00477448105812073
0.00128533923998475
0.00934118637815118
0.00874475575983524
0.00101421028375626
0.000305110588669777
0.0106527493335307
0.0246230140328407
0.00559375621378422
0.00126809813082218
0.00483468407765031
0.00418070703744888
0.00256207073107362
0.00226357020437717
0.00353969866409898
0.00269565731287003
0.00159239629283547
3.9348378777504e-07
0.00134837115183473
0.00129226827993989