0.0215597660280764
0.00449205050244927
0.00388655811548233
0.00579033279791474
0.0102678313851357
0.0383410695940256
0.0487542152404785
0.0285380543209612
0.015654715243727
0.0116096087731421
0.0112690031528473
0.0102776126004755
0.00846723327413201
0.00783138908445835
0.0110447499901056
0.0166480336338282
0.0153423496522009
0.0145868607796729
0.0160924182273448
0.0154621177352965
0.0151992426253855
0.0153423496522009
0.0154381268657744
0.0169356563128531
0.0178648624569178
0.0122632482089102
0.00819418579339981
0.00798586755990982
0.0136918970383704
0.0258338660933077
0.0229123258031905
0.0185550400055945
0.0126727134920657
0.0125534925609827
0.00966100255027413
0.0106627121567726
0.0112997577525675
0.00954751158133149
0.00920180231332779
0.0112382904626429
0.0147622171789408
0.0157878175377846
0.0139642530120909
0.0124779180623591
0.0112690031528473
0.0109435617923737
0.0142738595604897
0.0142277777194977
0.0163875729776919
0.0142162689007819
0.014563559088856
0.0108629465103149
0.0124133215285838
0.0126727134920657
0.0141014368273318
0.0117347226478159
0.00963256694376469
0.0129128457047045
0.0111871957778931
0.0109738693572581
0.0114644900895655
0.0108327926136553
0.0152111425995827
0.0153065100312233
0.015751461032778
0.0160679430700839
0.0145868607796729
0.0118394964374602
0.0133329280652106
0.0111974054016173
0.0113716814666986
0.0131773785687983
0.0124671403318644
0.0150331319309771
0.016202786937356
0.0152707123197615
0.0129457656294107
0.0121140875853598
0.0131884589791298
0.0135792070068419
0.0130668305791914
0.010150820016861
0.0136580411344767
0.013534261379391
0.0158728123642504
0.015727246645838
0.0158363580703735
0.0150568061508238
0.0149858393706381
0.0138504453934729
0.0126509950496256
0.0103953504003584
0.0152468704618514
0.0106228888034821
0.00461578369140625
0.00978470779955387
0.0278896675445139
0.0447487831115723
0.0247139576822519
0.0203445926308632
0.00230045057833195
0.0020704441703856
0.00202242285013199
0.00588619150221348
0.0392152369022369
0.0507125840522349
0.0267887115478516
0.0142969284206629
0.0108026806265116
0.00990920001640916
0.00973703572526574
0.00726964557543397
0.00650119269266725
0.00688806176185608
0.0101800099946558
0.0134222232736647
0.0152230472303927
0.0131884589791298
0.0139414542354643
0.0134110450744629
0.0153423496522009
0.016585832927376
0.0169105478562415
0.0157393515110016
0.011485165450722
0.00528068281710148
0.00695228576660156
0.0068082008510828
0.0205239304341376
0.0265680346637964
0.02257757820189
0.0160801783204079
0.0154861272312701
0.0117138237692416
0.0088080414570868
0.00834336737170815
0.00688806176185608
0.00915557378903031
0.011485165450722
0.013444593641907
0.0156909599900246
0.0169230997562408
0.0127162062563002
0.00981336692348123
0.0110042188316584
0.0126727134920657
0.0139642530120909
0.0112690031528473
0.00954751158133149
0.0109233800321817
0.0105335586704314
0.0117347226478159
0.0116512388922274
0.010297189000994
0.0107325823046267
0.0111056864261627
0.0103363976813853
0.00862783053889871
0.00863679684698582
0.00940659083425999
0.00968948006629944
0.0106826517730951
0.0109637621790171
0.00910946168005466
0.0112485233694315
0.0105038657784462
0.0105732143856585
0.0118815363384783
0.0153423496522009
0.0133998715318739
0.00944406725466251
0.00827299663797021
0.0086457678116858
0.0105038657784462
0.0108227506279945
0.0107325823046267
0.00967049039900303
0.00996692338958383
0.0113716814666986
0.0126944505609572
0.00929460860788822
0.00952866161242127
0.0119341909885406
0.0100828730501235
0.0100925657898188
0.0103658530861139
0.0088080414570868
0.0100538227707148
0.013534261379391
0.0110143446363509
0.0092110619880259
0.0115265720523894
0.0109233800321817
0.00970848836004734
0.00978470779955387
0.00550031894817948
0.00363797880709171
0.0170866982080042
0.0279219099320471
0.0297572114504874
0.0159093085676432
0.00818545231595635
0.0017260224558413
0.00376716256141663
0.00194080406799912
0.0180588685907423
0.0437742471694946
0.0328991585411131
0.0163752213120461
0.00744346529245377
0.00759408809244633
0.00945344800129533
0.0095663801766932
0.00690408982336521
0.00711414963006973
0.00887155532836914
0.012359619140625
0.0115162134170532
0.010603005066514
0.0122632482089102
0.0160924182273448
0.0149622210301459
0.0117242708802223
0.0102776126004755
0.011892057955265
0.0117033813148737
0.00692816684022546
0.00370228895917535
0.00480788061395288
0.00999584794044495
0.0247594923712313
0.0227373675443232
0.0190712604671717
0.0127488747239113
0.0125534925609827
0.0122418836690485
0.0102385156787932
0.00908185029402375
0.0070087262429297
0.00592326978221536
0.00855626771226525
0.00763619551435113
0.0086099118925631
0.00831694342195988
0.00922032631933689
0.0112895015627146
0.0122846313752234
0.0105831399559975
0.0116720818914473
0.0120928534306586
0.0116200093179941
0.0106228888034821
0.00778023153543472
0.0087537826038897
0.00729435123503208
0.0090267532505095
0.00966100255027413
0.0110853556543589
0.0097751640714705
0.00980380922555923
0.00781431794166565
0.00849389471113682
0.00823792302981019
0.00993804074823856
0.0105930701829493
0.0102189951576293
0.0112076196819544
0.0097179994918406
0.010603005066514
0.0114541593939066
0.0101022631861269
0.00848500290885568
0.00795140862464905
0.00664987601339817
0.00836983323097229
0.00836983323097229
0.00825545052066445
0.00979425618425012
0.00728611135855317
0.00571713084354997
0.00590842450037599
0.00696838833391666
0.00587878981605172
0.00932254130020738
0.0118185044266284
0.0096799829043448
0.00818545231595635
0.00925743021070957
0.00777172157540917
0.0076868780888617
0.00741850817576051
0.00724498182535172
0.00594557262957096
0.00886246794834733
0.00818545231595635
0.00758568057790399
0.00618607737123966
0.0082817766815424
0.00893529737368226
0.0114231952466071
0.007476806640625
0.00196639681234956
0.00130269676446915
0.0102092418819666
0.0203583599068224
0.0185024947859347
0.0177489616908133
0.00547172734513879
0.00154651934280992
0.00147154787555337
0.000315308570861816
0.0149622210301459
0.0389290996827185
0.0248659029603004
0.009765625
0.00426221871748567
0.00595301622524858
0.00441476935520768
0.00296249985694885
0.00253284582868218
0.00372581416741014
0.00552898505702615
0.00788271427154541
0.0097751640714705
0.0107525871135294
0.0079342070966959
0.00730259576812387
0.00634650001302361
0.00578299164772034
0.0066262879408896
0.0064623448997736
0.00754371285438538
0.00597537495195866
0.00340887345373631
0.0063541904091835
0.00590100884437561
0.0144937657751143
0.0120928534306586
0.00957582145929337
0.00804634997621179
0.00661058584228158
0.00480788061395288
0.00353969866409898
0.00401392811909318
0.00436999835073948
0.00650119269266725
0.00869069248437881
0.00802040100097656
0.00688005471602082
0.00426221871748567
0.00350533286109567
0.00328604131937027
0.00336394645273685
0.00382662750780582
0.00570983625948429
0.00754371285438538
0.00797724584117532
0.00850279117003083
0.00552898505702615
0.00318721868097782
0.00299409963190556
0.00256695784628391
0.00379683682695031
0.00334717566147447
0.00472128391265869
0.00403842190280557
0.00389860011637211
0.00521775567904115
0.00600525178015232
0.00422450015321374
0.00333601841703057
0.00334159471094608
0.00368469394743443
0.00482797622680664
0.00616332748904824
0.00647010514512658
0.00544321024790406
0.00409380532801151
0.0053581059910357
0.00333601841703057
0.00473455525934696
0.00367298722267151
0.00304713845252991
0.00333044677972794
0.00384455779567361
0.00606522895395756
0.00608779722824693
0.00570983625948429
0.00430010491982102
0.00307918526232243
0.00349391484633088
0.00279169762507081
0.00388054409995675
0.00400170916691422
0.00609532929956913
0.00638499855995178
0.00482797622680664
0.00407530227676034
0.00439555384218693
0.00329157570376992
0.00291541451588273
0.00418694922700524
0.00452444888651371
0.00576099613681436
0.00626985216513276
0.00655577518045902
0.00468818703666329
0.00173807144165039
0.00178668648004532
0.00936918891966343
0.0180588685907423
0.0201249495148659
0.00974656082689762
0.00314378179609776
2.51829624176025e-05
0.0006271549500525
1.92807056009769e-05
0.00876281410455704
0.0280834012664855
0.025802853051573
0.00944406725466251
0.00406914390623569
0.00314378179609776
0.00174612738192081
0.00203111208975315
0.00101113924756646
0.00362634658813477
0.00448558479547501
0.00435724854469299
0.00345977256074548
0.00427482882514596
0.00488176941871643
0.00571713084354997
0.00570254633203149
0.00325293280184269
0.00396516406908631
0.00594557262957096
0.00843174988403916
0.00542897963896394
0.0012784288264811
0.00183183932676911
0.00112786889076233
0.00731909880414605
0.0109233800321817
0.0077547156251967
0.00499706948176026
0.00666562467813492
0.00561543041840196
0.00353969866409898
0.00312217511236668
0.00133776105940342
0.000802262220531702
0.00115066999569535
0.00149384373798966
0.002351647708565
0.0035800039768219
0.0030845426954329
0.00329157570376992
0.0027207680977881
0.00291020609438419
0.00285837799310684
0.00200942391529679
0.00148639315739274
0.00136971706524491
0.00166246900334954
0.00290500232949853
0.00316003570333123
0.00250861980021
0.00274094054475427
0.00197496498003602
0.00210129655897617
0.00178668648004532
0.00121707329526544
0.00204418087378144
0.00216368585824966
0.00214576721191406
0.00283777713775635
0.00375532545149326
0.00319266924634576
0.0017948541790247
0.00123735750094056
0.00376716256141663
0.00310601899400353
0.00281725078821182
0.00285322079434991
0.00383259961381555
0.00340887345373631
0.00293629476800561
0.00248451018705964
0.00172201544046402
0.00194931635633111
0.00243187882006168
0.00173003412783146
0.00254743732511997
0.00220427522435784
0.00249896198511124
0.0026408233679831
0.00589359784498811
0.00353395938873291
0.00421196455135942
0.00115066999569535
0.00390462810173631
0.00144574791193008
0.00270568765699863
0.00123057747259736
0.00190694117918611
0.00300996238365769
0.00327498652040958
0.00339199090376496
0.00296249985694885
0.00111494213342667
0.00131666660308838