0.0334969931282103
0.0310868863016367
0.0339222350157797
0.0334440264850855
0.0405449629761279
0.0368813052773476
0.040350875351578
0.0376638118177652
0.0377762690186501
0.036751686129719
0.0356318056583405
0.0364194274879992
0.0348167703486979
0.0379828759469092
0.0409345352090895
0.0398291647434235
0.0410517700947821
0.0416207686066628
0.0372715317644179
0.0362906232476234
0.0402927398681641
0.0414634123444557
0.0380393210798502
0.0496532861143351
0.0315137230791152
0.0427904748357832
0.0424318970181048
0.0415223860181868
0.043693520128727
0.0427306070923805
0.0323414080776274
0.0219011888839304
0.0390434288419783
0.05073431879282
0.0729114189743996
0.0561310444027185
0.0563370087184012
0.0353409349918365
0.0147739448584616
0.0143778161145747
0.0310698733665049
0.0462929741479456
0.0576965603977442
0.0552428909577429
0.0498039298690856
0.0411104504019022
0.0364746991544962
0.0329341762699187
0.0324977934360504
0.0380205013789237
0.0394449010491371
0.0407200399786234
0.0430303649045527
0.0409150123596191
0.0356500246562064
0.034421740565449
0.0343501591123641
0.0356135913170874
0.0443820748478174
0.0395599845796824
0.0379828759469092
0.0293755531311035
0.0305954017676413
0.0323934946209192
0.0346548948436975
0.034690834581852
0.0354135408997536
0.0359970703721046
0.0344754755496979
0.0433512614108622
0.0401185848750174
0.0355044030584395
0.0347987655550241
0.0344575592316687
0.0358690158464015
0.0380393210798502
0.037701278924942
0.0317884259857237
0.0348888360895216
0.040195940528065
0.0416207686066628
0.0411691726185381
0.0342965219169855
0.0351235643029213
0.0351235643029213
0.0320816040039062
0.0342965219169855
0.0314110168255866
0.034690834581852
0.0397906545549631
0.0481382221914828
0.0476946029812098
0.0451785163022578
0.0368257262744009
0.0360520207323134
0.0355771766044199
0.0340111646801233
0.0345113221555948
0.0392343499697745
0.0421144277788699
0.0418376200832427
0.042292857542634
0.0429103360511363
0.0418968591839075
0.0384923908859491
0.0338866957463324
0.0316509255208075
0.0319779757410288
0.034332275390625
0.0415617250837386
0.0475892820395529
0.044994093477726
0.0428703636862338
0.0403121137060225
0.039540792349726
0.0444430881179869
0.0442804791964591
0.0366038293577731
0.0393682718276978
0.0427306070923805
0.0388910272158682
0.0269310572184622
0.0158728123642504
0.0344754755496979
0.0420748279429972
0.0668663554824889
0.0558570120483637
0.0585340801626444
0.0426508486270905
0.0183061137795448
0.0258804205805063
0.0383788719773293
0.0420946255326271
0.0483289733529091
0.0460234377533197
0.0456103030592203
0.0492241326719522
0.0460441433824599
0.0477367639541626
0.0470016361214221
0.04436174640432
0.0400799349881709
0.0331271067261696
0.0323067069984972
0.039540792349726
0.0410322193056345
0.0372342788614333
0.0371598289348185
0.0407589972019196
0.0475051091052592
0.0386819615960121
0.0339222350157797
0.0291938916780055
0.0311039038933814
0.0378513336181641
0.0433110841549933
0.0416404590941966
0.0397906545549631
0.0392534676939249
0.036751686129719
0.0400413037277758
0.0412867427803576
0.0400026910938323
0.0393682718276978
0.0393874221481383
0.0368813052773476
0.0359238684177399
0.0374394003301859
0.0359055795706809
0.0364746991544962
0.0374767556786537
0.0377387646585703
0.0366592407226562
0.0330042676068842
0.0359604600816965
0.0398099073208869
0.0361620471812785
0.0343859405256808
0.0376638118177652
0.0345292524434626
0.0394640699960291
0.0383977801539004
0.0375889334827662
0.0372342788614333
0.036918381229043
0.0359787628985941
0.0326196872629225
0.0336384424008429
0.0314623489975929
0.0298738572746515
0.0329516921192408
0.034979023039341
0.030713677406311
0.0304100010544062
0.0294086430221796
0.0332853780128062
0.036751686129719
0.0379640702158213
0.0368072092533112
0.0354862213134766
0.0309169664978981
0.0334087386727333
0.027440229896456
0.0265365839004517
0.0312061072327197
0.0400026910938323
0.0439156987704337
0.0483714137226343
0.04436174640432
0.0293755531311035
0.0196215906180441
0.0374580756761134
0.0442804791964591
0.0650078430771828
0.0483289733529091
0.0560396257787943
0.0398291647434235
0.014856169000268
0.0163012091070414
0.0308321812190115
0.0438954774290323
0.0580680463463068
0.0737214670516551
0.0666668661870062
0.0573262665420771
0.0443414226174355
0.0329867377877235
0.0288486480712891
0.029425194952637
0.0335323275066912
0.0444024079479277
0.048626447096467
0.0480958842672408
0.046459233853966
0.0437742471694946
0.0410517700947821
0.0529979378916323
0.0538455345667899
0.0489675346761942
0.0453633163124323
0.050886592362076
0.0555381551384926
0.06082076812163
0.0603457004763186
0.0565892551094294
0.0525102973915637
0.0581843801774085
0.0646147504448891
0.0627638399600983
0.0596601609140635
0.0586742535233498
0.0516733177937567
0.050886592362076
0.0592131377197802
0.0600142613984644
0.0673663825727999
0.063442625105381
0.0638321414589882
0.0547224283218384
0.061800479888916
0.0643941597081721
0.0644921534694731
0.0715626776218414
0.074826090130955
0.071846938226372
0.0676421914249659
0.0645166635513306
0.0632725865580142
0.0701498263515532
0.0660949945449829
0.0624981732107699
0.0617285282351077
0.0723911821842194
0.0724690989591181
0.0679437164217234
0.0681451056152582
0.0689029693603516
0.0702521041966975
0.0750903063453734
0.0773817882873118
0.0695631746202707
0.0643451907671988
0.0691819027997553
0.0662936270236969
0.0653774500824511
0.069308876991272
0.0743779912590981
0.0736166932620108
0.0714594498276711
0.0615368620492518
0.0626671686768532
0.0641006254591048
0.0729114189743996
0.082261711359024
0.0654268101789057
0.0561081827618182
0.0597073137760162
0.0635398924350739
0.079816731158644
0.105424413923174
0.102654099464417
0.0590723217464983
0.0424120202660561
0.0385113270021975
0.0549031794071198
0.0637590163387358
0.0637833867222071
0.0611067027784884
0.0541595020331442
0.0636372342705727
0.0671411398798227
0.0728593114763498
0.0724690989591181
0.0705081247724593
0.0703288614749908
0.0698944577015936
0.0648602936416864
0.0703032710589468
0.0784052745439112
0.0781892449595034
0.0750903063453734
0.0673162960447371
0.0804176763631403
0.0592131377197802
0.0619925558567047
0.0659462157636881
0.0627880194224417
0.0607969705015421
0.0710472837090492
0.0735119939781725
0.0731200352311134
0.0693596992641687
0.074220160022378
0.0735381618142128
0.0711244740523398
0.0697669479995966
0.0760187301784754
0.0803903117775917
0.0702521041966975
0.0619685300625861
0.0636372342705727
0.0686245993711054
0.0655997171998024
0.0703544565476477
0.0728072226047516
0.0756997708231211
0.0702521041966975
0.062812203541398
0.0606780522502959
0.0618244730867445
0.0708159641362727
0.0733289495110512
0.0761784613132477
0.0806641671806574
0.0894423667341471
0.0824278686195612
0.0766586605459452
0.0724171497859061
0.0678431335836649
0.0691819027997553
0.0662936270236969
0.0665174447931349
0.0688016787171364
0.0801988900639117
0.0765518192201853
0.064369672909379
0.0746677839197218
0.0782702211290598
0.0605592504143715
0.047631396446377
0.0623053149320185
0.0771403685212135
0.115755482111126
0.113924092147499
0.0959943071939051
0.0510608986951411
0.0489675346761942
0.0559939444065094
0.0608445703983307
0.0687763676978648
0.0849122204817832
0.0830107391811907
0.0811857753433287
0.0770867709070444
0.0675920024514198
0.0681954994797707
0.0688016787171364
0.0678682723082602
0.0609636516310275
0.0590019766241312
0.059966987464577
0.0649832398630679
0.0548579636961222
0.0474630505777895
0.0426309206523001
0.0546321645379066
0.0677677453495562
0.0612021633423865
0.0632240460254252
0.0800622999668121
0.0745623395778239
0.0644921534694731
0.0772476196289062
0.0767121091485023
0.0869490229524672
0.106713036075234
0.0929392967373133
0.0831219949759543
0.0770599790848792
0.067291259765625
0.0682711252011359
0.0677426252514124
0.0669162743724883
0.0656244368292391
0.0639541097916663
0.0626188609749079
0.0754344835877419
0.0801169220358133
0.0784052745439112
0.0731983431614935
0.0679940357804298
0.065328108612448
0.071846938226372
0.0797894690185785
0.0866362825036049
0.0751961232163012
0.0749581400305033
0.0738787674345076
0.0780543778091669
0.0747205340303481
0.0787028018385172
0.0762050994671881
0.0671911612153053
0.0597073137760162
0.0651801959611475
0.0663930550217628
0.0650078430771828
0.0659957900643349
0.0724431220442057
0.0776773691177368
0.077328106854111
0.0777042680419981
0.0543618202209473
0.0393491261638701
0.0607018265873194
0.0901653640903533
0.0949209206737578
0.115361812058836
0.11197809362784
0.0554926786571741
0.0389862433075905
0.0389100611209869
0.045117000117898
0.0707902852445841
0.0777311716228724
0.0854755775071681
0.0917954393662512
0.088808536529541
0.0862390641123056
0.0783242285251617
0.069308876991272
0.069996549282223
0.0685993209481239
0.065971000585705
0.0615608040243387
0.0662191049195826
0.0749317207373679
0.0740887620486319
0.0772476196289062
0.0836793915368617
0.0712532177567482
0.0728593114763498
0.0674916803836823
0.0549936667084694
0.0515856058336794
0.0661942735314369
0.0697924406267703
0.0768725667148829
0.0725210667587817
0.0835398677736521
0.0798712694086134
0.0729114189743996
0.0683720246888697
0.0777042680419981
0.0796259939670563
0.0784322991967201
0.0758325890637934
0.0752225890755653
0.0812407792545855
0.078351239208132
0.0702009559608996
0.0699710194021463
0.0780274183489382
0.0751696620136499
0.0768725667148829
0.0734858307987452
0.0695377239026129
0.0664427969604731
0.0559711107052863
0.0727551523596048
0.0682711252011359
0.0546096102334559
0.0785945449024439
0.0766319432295859
0.0770867709070444
0.0706106633879244
0.0759123358875513
0.0756732211448252
0.0727551523596048
0.0691311457194388
0.0746150524355471
0.0756466761231422