0.186836728826165
0.171241760253906
0.168022292200476
0.166798233985901
0.163230879697949
0.174774080514908
0.176756570581347
0.18355585867539
0.177081304136664
0.18079612404108
0.173324681818485
0.168655815068632
0.172001367900521
0.165068544447422
0.164990136399865
0.169528855476528
0.174491780344397
0.171441494021565
0.173123853746802
0.172963275108486
0.164559225086123
0.156975632999092
0.159393707290292
0.164872559253126
0.173324681818485
0.161364732775837
0.161946751177311
0.161016024649143
0.163660049438477
0.169250825420022
0.168180561158806
0.16012659529224
0.156593511346728
0.150280902162194
0.152647050563246
0.160281101707369
0.171601364854723
0.18005826510489
0.188173959031701
0.173927864525467
0.16565719852224
0.170244837645441
0.161170959472656
0.15862406231463
0.161907917354256
0.16210213303566
0.171521420124918
0.16612887615338
0.156860947608948
0.154310560319573
0.157702947035432
0.201938601676375
0.210660845041275
0.130548477172852
0.108676552772522
0.131596634164453
0.147414042148739
0.180304050445557
0.260917926207185
0.196382999420166
0.170643257442862
0.127325823996216
0.0910659227520227
0.132262634579092
0.202242285013199
0.170922428369522
0.147970356047153
0.154500165954232
0.164520079270005
0.16510775545612
0.168022292200476
0.162568725645542
0.163191892206669
0.172762656584382
0.175501042976975
0.1765132159926
0.17493549734354
0.160010764375329
0.154917708132416
0.1511050760746
0.140675178263336
0.140819998923689
0.151217638049275
0.154613985214382
0.179362783674151
0.197496498003602
0.14063898473978
0.156326303258538
0.156822728458792
0.135440214071423
0.15705211320892
0.171721316874027
0.163269871845841
0.184300842229277
0.179281050805002
0.171441494021565
0.175703244749457
0.17513737315312
0.162140990141779
0.177406335715204
0.182441212236881
0.181782282888889
0.17720315605402
0.175662795081735
0.17104214290157
0.150355733931065
0.147228837013245
0.154348472133279
0.169727588072419
0.16491174697876
0.169131739530712
0.168061852455139
0.170006009284407
0.16514697112143
0.16510775545612
0.156478965654969
0.153099840972573
0.152760185301304
0.167192602530122
0.159008651971817
0.161287209484726
0.16440266976133
0.165578650776297
0.171082057058811
0.170085600111634
0.162724405527115
0.162490913644433
0.171521420124918
0.162607638631016
0.16510775545612
0.161869088187814
0.163581976667047
0.169846883509308
0.167389961425215
0.173646248877048
0.169171430170536
0.162724405527115
0.153439873829484
0.160822460893542
0.150168689433485
0.163035988807678
0.172281647101045
0.168814382050186
0.168022292200476
0.167824560776353
0.16124845482409
0.166955925524235
0.16428530216217
0.167034799233079
0.176959494128823
0.174088890198618
0.176351072732359
0.17493549734354
0.17671599984169
0.177487640175968
0.177284413948655
0.169211125466973
0.15974065521732
0.162997024599463
0.203285217285156
0.205554105341434
0.132438177242875
0.121740999165922
0.156097449362278
0.175743699073792
0.180550003424287
0.249076748732477
0.199948644731194
0.167468937579542
0.122685639653355
0.0887222797609866
0.140928663313389
0.202329093590379
0.185504266992211
0.165735764894634
0.182936191558838
0.176634872332215
0.168933356180787
0.166364966426045
0.150767641607672
0.164520079270005
0.18116561928764
0.181124545633793
0.18001731717959
0.187379403505474
0.190989228431135
0.184839824214578
0.163191892206669
0.166483074426651
0.172001367900521
0.162296465132385
0.161170959472656
0.179199336562306
0.218754282686859
0.162452014628798
0.161287209484726
0.173204171005636
0.156440793070942
0.164637530688196
0.192171952221543
0.172762656584382
0.182647372130305
0.190062506590039
0.182894917670637
0.179648995399475
0.181864583864808
0.188299568835646
0.189852202311158
0.183638560120016
0.18207041779533
0.188928246498108
0.188718570861965
0.182441212236881
0.168259723577648
0.161946751177311
0.165539383888245
0.168893693480641
0.179362783674151
0.185462704394013
0.184839824214578
0.187630134169012
0.1812066975981
0.178260961547494
0.176270029041916
0.175177762284875
0.176270029041916
0.179976373910904
0.177772352471948
0.176351072732359
0.178750241175294
0.17720315605402
0.179281050805002
0.187755562365055
0.180099217686802
0.175177762284875
0.175016233697534
0.176878310739994
0.178995132446289
0.189138038549572
0.186961891595274
0.179281050805002
0.181905741337687
0.17838321859017
0.1725621544756
0.181124545633793
0.184052346739918
0.185587406158447
0.184756852686405
0.190272927284241
0.185712149832398
0.178791044745594
0.18001731717959
0.173927864525467
0.183018753305078
0.17911764094606
0.183597207069397
0.181412158999592
0.18767193891108
0.180099217686802
0.179199336562306
0.18223516875878
0.178831852972507
0.181124545633793
0.177813044283539
0.177365690469742
0.169052372220904
0.169012695550919
0.186795017216355
0.224798629060388
0.199603571090847
0.140060521662235
0.13023484731093
0.171121975872666
0.168299311771989
0.201505164150149
0.275156090501696
0.201851876918226
0.171521420124918
0.12309160316363
0.0949506554752588
0.157549688592553
0.219070352613926
0.19612648524344
0.177162534091622
0.181247780565172
0.181371057406068
0.18005826510489
0.175420194864273
0.183928161859512
0.191622376441956
0.184839824214578
0.1866699103266
0.192976593971252
0.180386016145349
0.176229514181614
0.174612738192081
0.180386016145349
0.171841310802847
0.167705977801234
0.165186191443354
0.168893693480641
0.184590965509415
0.233063532505184
0.166680014226586
0.1705236826092
0.176675433758646
0.163464902434498
0.174854779615998
0.196511319372803
0.184798336122185
0.188928246498108
0.191031405702233
0.188592821359634
0.189894253853709
0.188676649704576
0.184715373907238
0.184217991773039
0.188132098410279
0.190862724557519
0.190609842538834
0.187504747882485
0.187379403505474
0.182771123945713
0.172121459618211
0.165500121656805
0.172762656584382
0.183142630849034
0.184549505356699
0.189978370908648
0.190694117918611
0.192425868008286
0.184839824214578
0.181782282888889
0.182688618078828
0.17671599984169
0.182688618078828
0.181823431048542
0.178464746568352
0.17993543529883
0.176959494128823
0.184839824214578
0.19145343452692
0.190651977900416
0.182317572180182
0.188928246498108
0.183886776212603
0.177000092808157
0.189557971898466
0.184508049860597
0.182729868683964
0.191580133978277
0.188760496675968
0.185753740370274
0.188634733203799
0.194165445864201
0.188760496675968
0.190230833832175
0.184839824214578
0.17862785840407
0.186836728826165
0.186294841114432
0.188970195595175
0.191242361906916
0.204156376421452
0.187462961766869
0.190062506590039
0.188634733203799
0.184093751013279
0.193358326796442
0.189389942679554
0.20215549506247
0.200812632683665
0.181658866349608
0.196682477835566
0.207703618798405
0.200121293310076
0.185047334525734
0.196425768081099
0.180508999619633
0.176148498430848
0.201375223696232
0.250813646707684
0.210262390319258
0.149794949684292
0.139483250677586
0.172963275108486
0.19094705581665
0.217627324163914
0.287336020264775
0.214308584108949
0.170244837645441
0.107281245291233
0.102437774185091
0.169409671798348
0.226678533945233
0.217492284718901
0.199086519423872
0.20590428262949
0.204810968134552
0.196768085006624
0.181864583864808
0.184632430318743
0.188760496675968
0.208716429769993
0.217627324163914
0.224798629060388
0.214174578431994
0.205597861204296
0.20686880685389
0.188928246498108
0.184881316963583
0.184632430318743
0.186795017216355
0.191031405702233
0.225852245930582
0.264677787199616
0.192002768162638
0.188634733203799
0.182647372130305
0.179240191355348
0.194846428930759
0.219296256545931
0.21381743485108
0.228704700712115
0.224707126617432
0.216997498646379
0.214129919186234
0.222289098892361
0.218799421563745
0.210483707487583
0.205991873517632
0.21225843578577
0.22065412485972
0.235398823861033
0.2046799659729
0.197625181172043
0.201461846008897
0.207747602835298
0.206430107355118
0.224615642800927
0.203415772411972
0.201202034950256
0.207132250070572
0.204985702876002
0.207483768463135
0.208275774493814
0.203067718539387
0.200294016394764
0.195870138704777
0.212925879750401
0.225898111239076
0.200423607602715
0.2046799659729
0.193018990103155
0.192849433515221
0.219477063510567
0.211281413212419
0.21114835748449
0.20372056402266
0.197668084874749
0.198312199208885
0.209820105228573
0.20437445724383
0.206737148109823
0.217672346625477
0.203546369448304
0.19599829101935
0.23977342993021
0.282340086996555
0.163425887003541
0.164676690474153
0.24299755692482
0.231342911720276
0.182358780875802
0.185047334525734
0.216368585824966
0.193825401365757
0.218573773745447
0.215203026309609
0.205335395876318
0.210971015039831
0.213951328769326
0.198785215616226
0.192214259877801
0.207176173571497
0.211769642774016
0.200942391529679
0.214532020036131
0.215247797314078
0.199344961438328
0.204243594780564
0.207351914141327
0.224432731047273
0.304820397868752
0.206210932228714
0.0760719552636147
0.173324681818485
0.167824560776353
0.196468541398644
0.262596644461155
0.321889678016305
0.250282287597656
0.222789878025651
0.166719416156411
0.135937894228846
0.209775902330875
0.267814903054386
0.25493860244751
0.213862061500549
0.209422446787357
0.213862061500549
0.198699170723557