0.284600853919983
0.293472616467625
0.301950015127659
0.313458985183388
0.309097776189446
0.318449514452368
0.311139971017838
0.276321629062295
0.296722913626581
0.29457151889801
0.275763890240341
0.314702922478318
0.316274876240641
0.328438191208988
0.310494340956211
0.290032292250544
0.287387752905488
0.310279279947281
0.300731568131596
0.267265820875764
0.283572115004063
0.299938255921006
0.306688083801419
0.296407586429268
0.298618397209793
0.282647842541337
0.283777713775635
0.283315221313387
0.298776626586914
0.292845594231039
0.304394299164414
0.316492004785687
0.323424572125077
0.296985814347863
0.301737934350967
0.297459329012781
0.290968550834805
0.296039916574955
0.292950051371008
0.295724952593446
0.299462771508843
0.289305134210736
0.296355048194528
0.302003046963364
0.313837314024568
0.28692232677713
0.285373630467802
0.304500795900822
0.314865356776863
0.346999764442444
0.336450620088726
0.292167076840997
0.309044125024229
0.311086142901331
0.303808900061995
0.302852189633995
0.326395034790039
0.333713330328465
0.342353889718652
0.345296422019601
0.323040506336838
0.32441321760416
0.333267487585545
0.326339902821928
0.335332008544356
0.358578050509095
0.336954602971673
0.331598231568933
0.30594032490626
0.31248718732968
0.308990478515625
0.329877736512572
0.338805767241865
0.329711474478245
0.362925289664418
0.345806984696537
0.324468186590821
0.342636278364807
0.326450171414763
0.349676760379225
0.376953221857548
0.363274200353771
0.307329746428877
0.321944432798773
0.307597303763032
0.327056981623173
0.303808900061995
0.301419952884316
0.314215871039778
0.330598689615726
0.339086689054966
0.369055429473519
0.339311510324478
0.330820679664612
0.343144871294498
0.335779229644686
0.340718331281096
0.342636278364807
0.319375991821289
0.336842574179173
0.311193803790957
0.300361225381494
0.318286158144474
0.342297425959259
0.346431517973542
0.341789461672306
0.342523308936507
0.338356534484774
0.361937619745731
0.30845426954329
0.329711474478245
0.311840160284191
0.305566787719727
0.331209341529757
0.310225526336581
0.325954109430313
0.340042694006115
0.335835153236985
0.333156073465943
0.338749596849084
0.361995680723339
0.34876428777352
0.348707297816873
0.356097447220236
0.36205374635756
0.344502963125706
0.349505580961704
0.328327587340027
0.335611486807466
0.330265844240785
0.343993364367634
0.343540704343468
0.335052646696568
0.345409847795963
0.33863727003336
0.340549359098077
0.341845883522183
0.34944853046909
0.34773918101564
0.335276126861572
0.343088342342526
0.336898586247116
0.36002421984449
0.353281209245324
0.343766997102648
0.360661456361413
0.359618999063969
0.36135726608336
0.356155037879944
0.360140039119869
0.375414276495576
0.347113469615579
0.325073152780533
0.324523160234094
0.382244980428368
0.384037031326443
0.385413775220513
0.38613305427134
0.387273284140974
0.363099724054337
0.350019244942814
0.327498652040958
0.335891081485897
0.352077672723681
0.340493044350296
0.336786566767842
0.33455008873716
0.344899578485638
0.339817630592734
0.364205448422581
0.328493500128388
0.34501293906942
0.400903830304742
0.376953221857548
0.352994466666132
0.357019456569105
0.321780182421207
0.343653841409832
0.343540704343468
0.332376696169376
0.357192466035485
0.349391484633088
0.356097447220236
0.337010624352843
0.345750236883759
0.357307828962803
0.37034634500742
0.361763464752585
0.365021268371493
0.374409744981676
0.372876005712897
0.366480359807611
0.362692775670439
0.360487608704716
0.358520264271647
0.368352243676782
0.378317220602185
0.342579791322351
0.349962152540684
0.368703752756119
0.392878660932183
0.339367727283388
0.332487979903817
0.378198514226824
0.388956686947495
0.380993038415909
0.345693493727595
0.342579791322351
0.340380428824574
0.342692770063877
0.367298722267151
0.3814697265625
0.381529333535582
0.378257865086198
0.380278564989567
0.380159551277757
0.36397252464667
0.369524592533708
0.364147210493684
0.367649728432298
0.363739675376564
0.3515625
0.372169187758118
0.373583494219929
0.360197955742478
0.334159471094608
0.365604555699974
0.366363525390625
0.356500679627061
0.360835345927626
0.368879570160061
0.36216989159584
0.370287618134171
0.355579340830445
0.345353132579476
0.361937619745731
0.361125255003572
0.361009277403355
0.362402237951756
0.361821511760354
0.369700605515391
0.363390541169792
0.348194597754627
0.352364042773843
0.340887345373631
0.324908106122166
0.37624254822731
0.382125659380108
0.373229666147381
0.36251843906939
0.358693636953831
0.358115890994668
0.362867154181004
0.378435945603997
0.381827438250184
0.359792637173086
0.36124125123024
0.353969866409898
0.345693493727595
0.382423996925354
0.392394894734025
0.383618511259556
0.356443061027676
0.361995680723339
0.328051159158349
0.353051805868745
0.377901829779148
0.374764131847769
0.373052814975381
0.371051430702209
0.363157878164202
0.366714084520936
0.366597212851048
0.355119118466973
0.377486667130142
0.385713393334299
0.391005726996809
0.385114273522049
0.37914868677035
0.368352243676782
0.391307510435581
0.374882298056036
0.402371669188142
0.383678285870701
0.387033096048981
0.404210239648819
0.383021021261811
0.410554560367018
0.42000729823485
0.362809023354203
0.364263691008091
0.391066074371338
0.372522512916476
0.39016135269776
0.36934862146154
0.367123282048851
0.367298722267151
0.375296026468277
0.394452959299088
0.385114273522049
0.388415195047855
0.386853003874421
0.383200219366699
0.386732965707779
0.374705055728555
0.371227806899697
0.370992647949606
0.377901829779148
0.373996505513787
0.367474204394966
0.358578050509095
0.378317220602185
0.392576272133738
0.410987520590425
0.410183633212
0.40053728967905
0.39669873425737
0.38397722877562
0.349049307405949
0.348023781552911
0.353568068239838
0.36934862146154
0.351104885339737
0.346488321665674
0.339086689054966
0.361821511760354
0.373760471120477
0.394210554659367
0.394998642150313
0.380993038415909
0.378376580774784
0.370111465454102
0.366947883740067
0.354659194126725
0.371110218111426
0.38847534218803
0.37624254822731
0.351676950231194
0.349676760379225
0.358578050509095
0.376657026354223
0.384037031326443
0.388415195047855
0.341056401375681
0.380516648292542
0.383259961381555
0.3667725273408
0.422324575483799
0.396516406908631
0.35580956377089
0.353453310672194
0.335891081485897
0.346147569362074
0.384455779567361
0.372051449958235
0.37246361374855
0.367415705695748
0.372581416741014
0.396759519353509
0.396030405536294
0.396577178034931
0.377308810129762
0.378495315089822
0.364846372976899
0.368996805045754
0.36124125123024
0.348650312516838
0.33846881473437
0.333713330328465
0.353395938873291
0.366714084520936
0.371169010177255
0.369759285822511
0.40041514672339
0.40298406034708
0.362344144377857
0.358346933498979
0.300096834544092
0.333044677972794
0.347682274878025
0.34518301486969
0.359329695347697
0.383558741305023
0.346942918840796
0.345466567669064
0.362111816648394
0.376597801223397
0.373347590211779
0.392153123393655
0.376005806028843
0.370052757207304
0.359792637173086
0.35575200105086
0.348650312516838
0.352134937420487
0.367532707750797
0.355119118466973
0.342636278364807
0.351162070874125
0.343144871294498
0.347284062299877
0.337458963040262
0.344333054963499
0.354544259607792
0.335108509752899
0.332154184579849
0.340493044350296
0.333936363458633
0.330709675326943
0.350133443716913
0.359792637173086
0.342862273100764
0.344616258516908
0.358346933498979
0.357769466936588
0.34501293906942
0.347340935841203
0.312271437142044
0.314107688609511
0.325788839254528
0.337571094278246
0.343993364367634
0.343031818047166
0.331209341529757
0.333211778197438
0.332599282264709
0.322053956333548
0.334326850716025
0.341563820838928
0.338693431112915
0.352822476997972
0.335667396429926
0.306848436594009
0.34111276268959
0.330987221095711
0.328217002097517
0.376775490585715
0.379445860162377
0.328770114574581
0.328770114574581
0.297248831484467
0.302109124604613
0.319921607151628
0.332209805492312
0.330210386309773
0.311463037505746
0.323534347116947
0.328382886946201
0.345466567669064
0.347682274878025
0.348536355886608
0.309312427416444
0.330044040456414
0.331042744219303
0.323699044529349
0.328438191208988
0.323863783851266
0.314161777496338
0.322766313329339
0.310494340956211
0.326560458634049
0.322766313329339
0.317415632307529
0.303702524397522
0.308722315821797
0.344389686360955
0.299145991448313
0.313350933138281
0.339199090376496
0.317633152008057
0.315027832984924
0.300890356302261
0.305086860898882
0.30610048212111
0.318994338158518
0.329988601151854
0.321178289595991
0.316166339907795
0.311570763587952
0.292636735830456
0.311678508296609
0.316112078726292
0.309634543955326
0.302586704492569
0.312055761460215
0.317687543574721
0.293054527137429
0.301790947560221
0.301737934350967
0.285940999165177
0.304713845252991
0.303117791190743
0.2963025146164
0.297617251053452
0.308132767677307
0.296933224890381
0.287957119289786
0.285940999165177
0.278761992231011
0.241857171058655
0.242664667312056
0.251926491037011
0.271473089233041
0.326725924387574
0.35047615179792
0.332209805492312
0.312918911222368
0.311139971017838
0.310118033085018
0.297933220863342
0.270368009805679
0.268464544788003
