0.0129018817096949
0.0113100185990334
0.0137937162071466
0.0153662660159171
0.0170362764038146
0.0222021341323853
0.0199201167561114
0.0230000563897192
0.0206208229064941
0.0156305753625929
0.0193387363106012
0.0221733842045069
0.0228247628547251
0.0225630798377097
0.015450119972229
0.0174799934029579
0.0178777636028826
0.0171877653338015
0.0189647916704416
0.0193119049072266
0.0267887115478516
0.022432804107666
0.0258493795990944
0.0328641594387591
0.0456927809864283
0.0398291647434235
0.0395791814662516
0.0421342346817255
0.0322200357913971
0.0420946255326271
0.0548353628255427
0.0542718544602394
0.0562683120369911
0.0437540584243834
0.0357959442771971
0.0390053004957736
0.0468970835208893
0.0484351092018187
0.0695886299945414
0.086465934291482
0.0599906221032143
0.0431104772724211
0.0482441484928131
0.0370668713003397
0.0633697235025465
0.0954270455986261
0.10420591570437
0.0509737082757056
0.023589211050421
0.0432910025119781
0.0477578514255583
0.0624258164316416
0.0767923169769347
0.0759655237197876
0.0664676749147475
0.064762020483613
0.0588614121079445
0.0567500689066947
0.0635642209090292
0.0567960576154292
0.0681451056152582
0.0797349587082863
0.0718210730701685
0.0823170784860849
0.0777311716228724
0.0655502919107676
0.0647374638356268
0.0781352841295302
0.0794354849494994
0.107060095760971
0.0899626314640045
0.0712532177567482
0.0829551392234862
0.0716401473619044
0.065847123041749
0.0782162323594093
0.0774892070330679
0.0816814810968935
0.0903683248907328
0.103925729636103
0.0852218363434076
0.0891539826989174
0.0867215194739401
0.0795171037316322
0.0656491611152887
0.0655255862511694
0.0711502134799957
0.0707132765091956
0.0856167078018188
0.0729896151460707
0.0718986825086176
0.0828717742115259
0.0817918428219855
0.0754079804755747
0.0759655237197876
0.0678431335836649
0.0718210730701685
0.0812682881951332
0.083791094366461
0.0879192375577986
0.0812682881951332
0.0775698199868202
0.0760985747911036
0.0685235136188567
0.0763116986490786
0.0620646611787379
0.0588614121079445
0.0609398260712624
0.0615847506560385
0.0708416476845741
0.0645902217365801
0.0650570634752512
0.0656986236572266
0.0655008852481842
0.0612021633423865
0.0626913295127451
0.075302014593035
0.0740099791437387
0.0572338793426752
0.0491599203087389
0.0341715314425528
0.0298571796156466
0.0274242460727692
0.0432107225060463
0.103459591045976
0.104392915964127
0.0579750631004572
0.02257757820189
0.0198520720005035
0.0250335806049407
0.0305785238742828
0.0351597461849451
0.0482653477229178
0.0544068310409784
0.0559939444065094
0.0588614121079445
0.055084228515625
0.0428104400634766
0.0424318970181048
0.0527760037221014
0.0481382221914828
0.050019531045109
0.0445448700338602
0.0359421619214118
0.0326196872629225
0.0444634351879358
0.0440776371397078
0.0358507409691811
0.030933937523514
0.0250946939922869
0.0268519297242165
0.0360520207323134
0.0339577929116786
0.0399448070675135
0.045630915556103
0.0416404590941966
0.0407200399786234
0.0455484935082495
0.038738923612982
0.033426380250603
0.0300743523985147
0.0259270169772208
0.0273443968035281
0.0303091108798981
0.0318056344985962
0.0383977801539004
0.044994093477726
0.0333206006325781
0.0360520207323134
0.0279057864099741
0.0250030518509448
0.0240509305149317
0.0231172912754118
0.0219297618605196
0.0254013785161078
0.027825238648802
0.036327401176095
0.0438954774290323
0.0470434897579253
0.0485626258887351
0.0399448070675135
0.0371040403842926
0.0285706692375243
0.0181497633457184
0.0178261869587004
0.0204134755767882
0.0214889738708735
0.0193655863404274
0.017327219247818
0.017327219247818
0.0234855711460114
0.0247594923712313
0.0221015908755362
0.0304100010544062
0.05073431879282
0.0299573154188693
0.0168103002943099
0.00652455724775791
8.58306884765625e-05
0.0195001158863306
0.0758325890637934
0.0689789862371981
0.0667416397482157
0.0228977203369141
0.00961363315582275
0.0119869620539248
0.0126944505609572
0.0148326531052589
0.0210526608861983
0.0235447660088539
0.0259892106987536
0.0268361181952059
0.0288978428579867
0.0188321247696877
0.0163012091070414
0.0216164835728705
0.0229269359260798
0.0223317393101752
0.0283265113830566
0.0225340970791876
0.020496288780123
0.0172637612558901
0.0157635752111673
0.0227810442447662
0.0252171442843974
0.0140441954135895
0.0211087078787386
0.0142853916622698
0.0145868607796729
0.0206485483795404
0.0186867290176451
0.0176334381103516
0.0183583796024323
0.0158606562763453
0.0188586208969355
0.0249877944588661
0.0314794690348208
0.03800168633461
0.0340289645828307
0.0247898721136153
0.0264109671115875
0.0270896614529192
0.0293094292283058
0.0269944430328906
0.0261450209654868
0.0219011888839304
0.0217728409916162
0.0199473672546446
0.0198928848840296
0.0182408862747252
0.0224906578660011
0.0226646661758423
0.0228539318777621
0.0235743913799524
0.0241858162917197
0.0223029055632651
0.0227082730270922
0.0250488519668579
0.024275949690491
0.0246836245059967
0.0255708489567041
0.0262231007218361
0.0209827069193125
0.0219583534635603
0.0244114641100168
0.0252784811891615
0.0254937470890582
0.0257099256850779
0.0244416296482086
0.0258183572441339
0.0260670576244593
0.0274082669056952
0.0294583127833903
0.0338689330965281
0.0421738624572754
0.0633697235025465
0.0850528851151466
0.0546772871166468
0.0314110168255866
0.0262856483459473
0.0114231952466071
0.0396560155786574
0.0663681910373271
0.0533317122608423
0.0509519223123789
0.020015574991703
0.0192984961904585
0.0357229472137988
0.0408564717508852
0.044260174036026
0.0600379053503275
0.0718728080391884
0.071846938226372
0.0645656976848841
0.0591896567493677
0.0554472208023071
0.0511699914932251
0.0607018265873194
0.0781083106994629
0.0951291620731354
0.114413211122155
0.110369233880192
0.0820404291152954
0.0685235136188567
0.0638565258122981
0.0636859331279993
0.0418771081604064
0.0727031007409096
0.0558114051818848
0.0522893876768649
0.0671661482192576
0.077328106854111
0.0719763338565826
0.0851655006408691
0.0826219306327403
0.0839308276772499
0.0895578507333994
0.0785134010948241
0.0819575251080096
0.0807464146055281
0.0855884724296629
0.0922638573683798
0.0882342830300331
0.0964433327317238
0.0906296097673476
0.0924691651016474
0.0984314922243357
0.0959644094109535
0.0928804650902748
0.0929981470108032
0.102036632597446
0.128984099719673
0.117039540782571
0.118363881483674
0.128776228521019
0.122956207487732
0.116314329206944
0.119729063007981
0.123430418316275
0.131911898497492
0.132367946207523
0.127635933458805
0.124313517007977
0.115099737886339
0.123566074762493
0.123193198814988
0.123498237226158
0.12278706766665
0.131596634164453
0.13704314827919
0.12936563231051
0.138655512128025
0.131106972694397
0.134695405140519
0.131316715851426
0.137257585301995
0.121943114791065
0.112333605065942
0.134058631956577
0.127704897895455
0.123227073345333
0.0902523193508387
0.109952837228775
0.0586041458882391
0.0988254905678332
0.16491174697876
0.202589631080627
0.116314329206944
0.0479055941104889
0.064418651163578
0.0840986613184214
0.10318041080609
0.122077951673418
0.127635933458805
0.122990049421787
0.129435062408447
0.123294836375862
0.127119293902069
0.119996352586895
0.108549334108829
0.104892402887344
0.1077875867486
0.116973519325256
0.139015095774084
0.130583348218352
0.114380570594221
0.109856857452542
0.134129310026765
0.127566987648606
0.156173715367913
0.123498237226158
0.123566074762493
0.143402963876724
0.126432070974261
0.119962925091386
0.135688940063119
0.125678277108818
0.129608719144017
0.143220296595246
0.135973477736115
0.143256820738316
0.139051079750061
0.142345114145428
0.143732058349997
0.0997072458267212
0.115952568594366
0.1292615220882
0.127119293902069
0.125097343698144
0.12404145905748
0.134659989271313
0.125678277108818
0.12953924247995
0.138475894927979
0.138439985457808
0.135404700413346
0.140277305617929
0.127153703942895
0.115821158979088
0.123973491135985
0.117006527725607
0.122685639653355
0.132648982107639
0.137543762102723
0.140277305617929
0.137007425073534
0.125507274642587
0.117006527725607
0.116413088981062
0.120130109135062
0.112689679954201
0.125473088119179
0.131876850500703
0.148974361363798
0.128776228521019
0.12953924247995
0.0980382808484137
0.127119293902069
0.0856167078018188
0.219793654978275
0.24686616146937
0.224432731047273
0.109186172485352
0.0780274183489382
0.082705169916153
0.108104655519128
0.133776105940342
0.13840408064425
0.13894314179197
0.139699587598443
0.130304510239512
0.115788318216801
0.0928510562516749
0.0784863624721766
0.0855037942528725
0.0919416919350624
0.0993114919401705
0.104548877570778
0.1077875867486
0.105957770720124
0.110176953021437
0.115197980776429
0.134200006723404
0.119262023363262
0.123532153666019
0.0934106204658747
0.0831776508130133
0.0807738397270441
0.062088705599308
0.10318041080609
0.127222537994385
0.122145398054272
0.134023299906403
0.129886812064797
0.110593773424625
0.0882629514671862
0.0814609811641276
0.091678521130234
0.103676992002875
0.1149688125588
0.115165228489786
0.128603130578995
0.138727391604334
0.12656936654821
0.12346432544291
0.116478952113539
0.111526439432055
0.104392915964127
0.0992506765760481
0.0897890422493219
0.0936467293649912
0.0991898798383772
0.1077875867486
0.123973491135985
0.13861957937479
0.105173888150603
0.138799289707094
0.130095577333122
0.132403059396893
0.116808547172695
0.114413211122155
0.115591371431947
0.11049751425162
0.107060095760971
0.118596407119185
0.128637740854174
0.113111222162843
0.111784415785223
0.11040129698813
0.104517675936222
0.101113924756646
0.0877762213349342