0.00813314924016595
0.0109738693572581
0.0137371034361422
0.0137144909240305
0.0182800088077784
0.0133440736681223
0.0119341909885406
0.00934118637815118
0.00926671782508492
0.00842289067804813
0.00810706056654453
0.00910025322809815
0.00970848836004734
0.010983981192112
0.00855626771226525
0.00868169823661447
0.0092110619880259
0.00966100255027413
0.00969898188486695
0.00984206795692444
0.0106129446066916
0.0135454908013344
0.00881710089743137
0.00802904600277543
0.00891706207767129
0.00996692338958383
0.0113922730088234
0.0117033813148737
0.015127940569073
0.0189382210373878
0.0145985186100006
0.0163381942547858
0.01378238433972
0.0129787274636328
0.012770676985383
0.0140899792313576
0.0123918266035616
0.0122953299432993
0.0124671403318644
0.0106129446066916
0.0147856771945953
0.0154621177352965
0.0142623321153224
0.0126076140441
0.0136918970383704
0.0167727842926979
0.0141014368273318
0.012683579698205
0.0120081030763686
0.0103462114930153
0.00949101755395532
0.00892617739737034
0.00994766363874078
0.0102776126004755
0.0103560299612582
0.011892057955265
0.0126076140441
0.0130007253028452
0.0111362175084651
0.00786558724939823
0.00763619551435113
0.00881710089743137
0.0106726796366274
0.0087989866733551
0.00934118637815118
0.0113100185990334
0.0114128831773996
0.0117347226478159
0.00968948006629944
0.00792561331763864
0.00664200866594911
0.00909104943275452
0.010983981192112
0.0111565948463976
0.0159336626529694
0.0161291658878326
0.0105434656143188
0.00731909880414605
0.00703298486769199
0.00772075960412621
0.0086099118925631
0.0104248896241188
0.0104248896241188
0.0112895015627146
0.0107525871135294
0.0109738693572581
0.012252563610673
0.0132772698998451
0.013703191652894
0.00917405122891068
0.00754371285438538
0.00901758670806885
0.00692013651132584
0.0103363976813853
0.0205239304341376
0.0184500240720809
0.0191780272871256
0.0111056864261627
0.00617848942056298
0.00502439448609948
0.0075102224946022
0.00788271427154541
0.0114128831773996
0.0145985186100006
0.0169607833959162
0.0182669633068144
0.0159336626529694
0.0106926285661757
0.00831694342195988
0.00710601219907403
0.00891706207767129
0.010842839255929
0.015127940569073
0.0157999456860125
0.0143315666355193
0.0123488926328719
0.00969898188486695
0.00869069248437881
0.0079944939352572
0.0075102224946022
0.010073184967041
0.0171371945179999
0.018699923530221
0.0189647916704416
0.0162642658688128
0.0126401428133249
0.00980380922555923
0.00949101755395532
0.00983249628916383
0.0116408243775368
0.0135567248798907
0.0159214832819998
0.0151992426253855
0.0144589319825172
0.0107325823046267
0.00953808426856995
0.0108227506279945
0.0163012091070414
0.0166604877449572
0.0165734067559242
0.0145402760244906
0.0120398495346308
0.0124133215285838
0.0108026806265116
0.0108327926136553
0.0125210755504668
0.0114644900895655
0.00850279117003083
0.00901758670806885
0.00964204082265496
0.0132883922196925
0.015958035364747
0.0121459737420082
0.00946283340454102
0.0110143446363509
0.0131109938956797
0.0121992104686797
0.0121140875853598
0.014856169000268
0.0171245634555817
0.018660353962332
0.0162765756249428
0.0120292627252638
0.0108528905548155
0.0104150385595858
0.0101216719485819
0.0113511085510254
0.0127379805780947
0.0124240759760141
0.0111974054016173
0.0154861272312701
0.0174035225063562
0.0149386213161051
0.0132217281498015
0.0133217871189117
0.0128690176643431
0.0112690031528473
0.0154621177352965
0.0140785262919962
0.0143546820618212
0.013907290995121
0.0147739448584616
0.0124348350800574
0.0119552854448557
0.0127815851010382
0.015751461032778
0.0194058963097632
0.0193521589972079
0.0189515040256083
0.0173907936550677
0.0143431220203638
0.0110548944212496
0.0129677355289459
0.0174672366119921
0.0223605916835368
0.0191646651364863
0.0144589319825172
0.0146101810969412
0.0104643404483795
0.0154621177352965
0.0295411888509989
0.0297239259816706
0.0229854229837656
0.0153543055057526
0.00973703572526574
0.0081244483590126
0.0103855133056641
0.0156185124069452
0.0239462801255286
0.0303931743837893
0.0276484433561563
0.0229707942344248
0.0185024947859347
0.0160190486349165
0.0165237486362457
0.0182669633068144
0.0227373675443232
0.022693732753396
0.0250335806049407
0.0286196265369654
0.0168228149414062
0.0180199835449457
0.0154141546227038
0.0132995191961527
0.0132661522366107
0.0165734067559242
0.0193924549967051
0.0233969185501337
0.0267255678772926
0.0297405663877726
0.0237822905182838
0.023161331191659
0.0223461631685495
0.022432804107666
0.023707936052233
0.022432804107666
0.0247898721136153
0.0258648977614939
0.0240210071206093
0.0192315224558115
0.0187791883945465
0.0167353102006018
0.0197027833200991
0.0191513076424599
0.0185418967157602
0.0176334381103516
0.0183061137795448
0.0196215906180441
0.017556631937623
0.0191913940943778
0.0180070311762393
0.0194597081281245
0.0233084335923195
0.0226211012341082
0.0301078334450722
0.0291774049401283
0.0250488519668579
0.0197434425354004
0.0173399248160422
0.0229854229837656
0.0186471734195948
0.0193655863404274
0.0195945636369288
0.0163875729776919
0.0203170720487833
0.0201797485351562
0.0179164949804544
0.0204686657525599
0.022751921787858
0.0222309026867151
0.0194193422794342
0.0213759485632181
0.0232201162725687
0.0208292179740965
0.0210246653296053
0.0209827069193125
0.0165485683828592
0.0162519607692957
0.0203308300115168
0.0258338660933077
0.0274882093071938
0.0214889738708735
0.0176847353577614
0.0133440736681223
0.014575207605958
0.0162273645401001
0.0176719040609896
0.0231907144188881
0.0269310572184622
0.0242458865977824
0.0210946891456842
0.0181367644108832
0.0135567248798907
0.015654715243727
0.0164494011551142
0.0181497633457184
0.018660353962332
0.0199201167561114
0.0213618413545191
0.02214465290308
0.0166854099370539
0.0110346102155745
0.0179940834641457
0.0122418836690485
0.0165609852410853
0.028131939470768
0.0251865037716925
0.0205515907146037
0.0200565555132926
0.0170993153005838
0.0135230366140604
0.0114644900895655
0.0150568061508238
0.0154861272312701
0.0201660417951643
0.0214606896042824
0.023961216211319
0.030091090593487
0.028407780919224
0.0240210071206093
0.0204272661358118
0.0165609852410853
0.0127488747239113
0.0152587890625
0.0169105478562415
0.0200702250003815
0.0218013301491737
0.0220012757927179
0.02027582610026
0.0210246653296053
0.0193119049072266
0.0215455982834101
0.02197265625
0.0297072902321815
0.0253245327621698
0.0183453061617911
0.0170488748699427
0.0194327929057181
0.0182408862747252
0.0207596365362406
0.0247443094849586
0.0269944430328906
0.0286196265369654
0.02694689668715
0.0264266529120505
0.0218583643436432
0.0209687300957739
0.0216874852776527
0.0252938270568848
0.0257408828474581
0.0287340232171118
0.0239462801255286
0.0222740904428065
0.0186735391616821
0.0179294147528708
0.0203033187426627
0.0224183523096144
0.027042031288147
0.0252784811891615
0.0237227976322174
0.02694689668715
0.0232937023974955
0.0236188643611968
0.0228685233741999
0.024035966489464
0.0216022972017527
0.0237822905182838
0.0206485483795404
0.0211507920175791
0.025064127985388
0.0229269359260798
0.0263326079584658
0.027042031288147
0.0245171249844134
0.0223750248551369
0.0225051329471171
0.0237376638688147
0.0215881154872477
0.0230586365796626
0.0236040353775024
0.0233084335923195
0.0215455982834101
0.0247443094849586
0.0253552570939064
0.0230732932686806
0.025370626244694
0.0244265445508063
0.0241858162917197
0.0296241813339293
0.0257099256850779
0.0268203113228083
0.0254783406853676
0.0278413388878107
0.0237376638688147
0.0314110168255866
0.0279703084379435
0.0260982289910316
0.0238269590772688
0.0256326142698526
0.0287831202149391
0.0305110588669777
0.0235595763660967
0.020193459931761
0.0311039038933814
0.024275949690491
0.0282291416078806
0.0341180339455605
0.0336207449436188
0.0312572717666626
0.0276484433561563
0.0284728803671896
0.0251558818854392
0.0189515040256083
0.0225051329471171
0.0265365839004517
0.0311720208264887
0.0308321812190115
0.0325848371721804
0.037926472723484
0.0420154631137848
0.0413259700872004
0.0366038293577731
0.0309848785400391
0.0265837670303881
0.0283427559770644
0.0311720208264887
0.0360703468322754
0.0358690158464015
0.0327418092638254
0.0304268323816359
0.0319434702396393
0.0357594364322722
0.034421740565449
0.0314452336169779
0.0387579202651978
0.0363641977310181
0.0318572879768908
0.0354498717933893
0.0407200399786234
0.039425736758858
0.037701278924942
0.0417981506325305
0.039483243599534
0.0381146464496851
0.0379640702158213
0.0380205013789237
0.0346189737319946
0.0361620471812785
0.0364746991544962
0.0385871180333197
0.0397521629929543
0.0387009442783892
0.034189373254776
0.0385871180333197
0.0353046599775553
0.0304942042566836
0.0364194274879992
0.0381711893714964
0.0399833917617798
0.041090885642916
0.0469598011113703
0.0544743821956217
0.0533540011383593
0.0533317122608423
0.0475892820395529
0.0403121137060225
0.0382089079357684
0.0326894433237612
0.0328641594387591
0.0429103360511363
0.0448304787278175
0.04666747758165
0.0426109973341227
0.0358142051845789
0.0365115702152252
0.0315137230791152
0.0354680442251265
0.0394640699960291
0.0387579202651978
0.0396560155786574
0.042154046241194
0.0448713544756174
0.0406032800674438
0.0376263633370399
0.0326371192932129
0.0318056344985962
0.0396368000656366
0.0411887560039759
0.0384356104768813
0.0461892131716013
0.0437944405712187
0.036918381229043
0.0351959466934204
0.0229854229837656
0.0280187488533556
0.0308830384165049
0.0339933694340289
0.0300408899784088
0.0314110168255866
0.034368047490716
0.0223750248551369
0.0164246559143066
0.0196757004596293
0.0263482704758644
0.0337979290634394
0.0371226319111884
0.0322027155198157
0.031274335924536
0.0310868863016367
0.0340823922306299
0.0275842938572168
0.0266467430628836
